"PID","Sale_Price"
910251050,64346.8601736945
907202220,129083.800251957
534430090,126853.809487125
535126100,149380.966237907
528445070,244123.577221409
908103350,136463.633711552
533127080,317424.556856874
531385060,196821.031471194
533213030,259864.973478262
528118010,349798.613159592
534276180,120476.635952811
904351200,109343.660809033
527182190,226223.765126571
902301130,123041.599716856
902456015,66156.5464938607
907130060,172884.995986519
534201250,174189.777242887
535327230,103452.253174139
534400290,170181.290111927
905100020,139017.189109633
907254050,205382.974457377
907202160,154459.638656531
911103060,119792.773156879
909101190,137045.302573312
905377050,82790.7719394151
905103180,137200.919795903
533215020,282549.231627323
923202137,100302.262118656
916176125,233586.807013058
528480020,225973.209691883
907227090,114080.543065967
528482030,286678.406894986
527451400,79923.5625491324
905103060,162257.003433785
527405130,111603.038163503
906203120,304929.023925684
528321010,374137.042761971
908152280,165478.539406008
528344020,332109.060342952
531450030,192919.209992654
906378170,235715.39470308
527402090,125696.409754448
923275010,138597.818613131
535451250,149881.984398736
907202050,154289.74312649
902326060,146010.067646705
528228455,167342.308546644
903204030,122914.93601527
902207140,98115.5605996247
907253130,320049.028444432
923225440,80479.8452161187
528431080,216632.225806292
528480130,218266.547542876
903234220,128092.94322054
527107030,182455.855403661
902108060,111892.911593022
907200130,112972.328336711
534427140,149479.153977956
528441090,450515.367959751
528290030,168321.694975937
535180100,138970.397261898
534402140,156629.354979493
902207110,77889.7096077246
526355170,291347.656690356
908276140,106555.449795727
906380200,196112.977875591
906380220,208483.234488401
527302175,161446.800968151
907262020,199643.866351744
902405120,103115.583138134
535126180,184519.812792774
528346050,327852.877927038
923426010,134722.605232909
528180120,348214.636721945
535150240,114694.819461056
535152130,132369.951164036
535457020,145791.614927943
528275070,242285.246959999
907420110,171983.996483069
907202140,135994.240303301
909275250,141697.828745036
903427120,155459.81775612
535350030,144133.222774737
907201160,149299.785653769
909276160,298276.109797307
533221110,183457.19902457
528120010,282839.85881401
909455040,169791.897621615
528106060,330217.292809335
923202005,205630.113167892
534252240,165790.987397243
534276190,109807.218935795
526302110,112602.314110723
535376100,107761.431441649
905477050,136356.048822254
528181060,208267.422199779
533253030,191314.057825959
914476050,148317.312430264
535105100,177582.679904819
528186120,290509.75454151
923276250,178021.175113076
911104060,61957.7696783331
533254100,173508.028116734
535403030,129520.942117936
527405180,121632.246757974
905427140,188237.572732933
904100030,136548.38236914
532353130,132693.514804551
528118030,433427.487814541
533213010,241301.772326887
916475100,351046.473490229
534401190,147683.716682163
924151040,253098.988405314
535154080,145246.63494013
527107040,171076.597935188
528235090,229671.031656135
902136110,103061.511044552
527354100,191125.860707168
528429130,279774.040029635
527364030,242904.35643514
907253110,236547.931260971
528174020,191227.595451956
531363020,131369.904775813
907200290,154107.247713206
907414030,189068.952925359
905300010,134888.448345497
535455080,109009.127613404
533251130,205071.975163985
909250220,177078.208737577
528228430,204367.564419642
528490070,212663.737229132
532351150,125350.093858294
527301280,157516.296632191
907203090,115115.504680302
535457010,135743.642865888
528166150,342124.972501299
905226050,162780.559159293
534175140,135870.697866586
528221100,169062.050230704
909176140,156269.182357039
527164120,198628.035461526
531375110,159789.58886825
535383110,84710.6243105491
535451110,137088.439233911
903454010,122211.171938663
910200060,137702.841130618
528431060,236129.607132717
909250080,110255.391557516
527425025,123268.277577579
528106050,502884.905937469
916477060,270036.230664912
527276150,100789.852622116
905452040,152729.590654611
907285040,259463.55699522
533234020,223666.021039662
535354100,131410.503097476
923201020,145481.474050274
527451060,95685.5409953223
531452180,197987.294319116
528228325,190415.594536364
902329030,190208.326548677
908102020,121989.69542081
903204010,127397.554350795
908102170,149385.382587706
527454120,142254.724647046
535478040,125819.940056246
906340130,330343.284739255
527455240,121008.04713019
923275140,113538.83404043
527354040,220041.798326765
907410110,215545.987628932
535352080,108976.80109471
528322020,375664.422479299
533135020,227359.477095721
528172060,240911.109415073
533238045,282113.58163601
906201021,165738.344924625
916403020,184825.729130557
527210050,363630.342962075
903232170,75141.9826297621
528477020,252546.845070719
528114050,390761.090768077
905103030,152215.279349321
535451050,114797.465215237
535378080,138470.854532199
903233100,132874.979759634
534451150,88423.4582396789
533244040,320697.672310505
532376070,121477.488565522
907275150,304652.014586488
528228450,192451.176253958
527403310,150091.392659403
534250300,186490.411023083
905475150,131782.862466095
527226020,146395.172210194
528290190,168121.480097413
906394020,199524.904791219
903400220,168423.819257098
535175030,154193.101003286
906385010,191746.590723078
907405130,189955.808580331
908152260,140088.675715553
534427090,124362.750967099
906380030,238342.047950771
905475500,72709.8386825308
902405070,202894.387609812
531376070,172728.599464142
534278170,140874.294767031
903201080,167731.201940315
534202030,148167.737599103
904100140,225567.778205886
909426080,183203.335208007
909177100,129569.742023248
527402240,157949.974633177
533236060,190264.204968011
907414080,179927.346578785
905104180,137533.537768726
527302020,167327.786481182
534278190,115122.860356215
531452140,153414.092941644
916125425,185152.104526675
908275200,101838.759216315
527455250,123205.987692148
528477030,238150.283354829
528172030,285719.294898497
535476350,193964.289076747
528188090,160091.447953315
902305110,117573.6172645
902109010,112683.634613851
903231190,109661.649539166
902201090,123724.65676772
534176140,158100.679317433
535179020,169277.913845029
528228435,196794.942460814
531375140,158844.394530157
903484110,118125.000908299
534278070,162551.276601975
907200250,155907.607667227
526353050,226648.315301904
528427100,276730.368460211
923228210,87746.721414469
534152070,203656.056208413
528365060,321014.068015599
535450210,128599.190401561
916326040,171788.599635133
534151120,225713.460248876
528348010,233599.059450006
535300040,129318.156362876
535452100,119493.373532412
903202120,131992.534198821
535475020,160360.687631716
531375120,159289.020590928
914478045,160305.335850182
905478220,137956.79232785
909250230,162693.027545716
910205010,134106.664004832
916252170,147692.026603833
903430060,114026.049447633
907280100,274654.880086039
535425040,199311.142663145
528172080,258833.835779512
903456090,85793.3984967749
533215070,269893.341210359
905402070,108843.127325387
909425180,220991.30574843
902329080,124324.685692601
902303100,144992.814990277
534450150,78716.1355415178
534455080,164277.389275575
528120170,295025.526344573
534200030,122445.544646633
533352170,164716.643437518
908102270,161533.662090651
903231180,122781.025618532
907410050,204384.911264465
923225260,157368.250071821
535325460,188267.015878879
905101310,134699.480549852
535101120,132577.39604892
534451130,90869.8803559301
531450090,167281.037182755
906201030,178737.872732818
909256020,101788.365884897
534129040,189072.018223682
527166030,175779.281658734
527455270,118818.604729176
527450010,102876.798702882
535152200,149632.906673509
535375050,135197.150288898
907227300,119514.685534082
905452140,147054.089757518
527250040,114408.270326253
533241010,182877.604477387
907200170,134546.315590828
906426090,176886.808071369
907405030,221095.86432705
535325450,129000.854880534
535426195,201046.461721217
905103140,161728.03662953
903232100,143490.950890548
907180120,211692.868431117
527425110,123263.105143326
527165170,177270.49274117
907125120,140845.815828335
916460020,188683.842453291
527145090,172651.030550205
902100020,116934.777949213
527327050,183875.300477237
528366040,346937.136608265
905452160,150963.33771592
528102110,412515.440431436
527216070,412374.625344748
527214060,472894.905704507
906425045,144437.045729594
528228540,171541.393805272
527402380,98055.9744256287
527127140,277539.379200848
903476100,90848.9109901853
910200040,115710.853516688
909281020,140742.829263148
923252080,120180.913852696
534431130,117228.43760481
535453040,123775.168091443
908204090,125227.621982967
909428110,176328.643935627
535101150,138232.039170582
535375040,81916.6453414976
904350045,99951.0567926681
528120150,289214.938549585
905451330,160151.460513947
528431050,252451.969005272
528142060,289854.989221137
535477180,117162.607220664
528218020,177890.327298518
528290170,195586.267743524
905377010,132128.552354997
909253080,159026.4332295
535478110,107694.446679453
903234090,139711.899808188
535456020,146224.803562596
531363030,166737.440886831
907185050,203523.057892964
906204180,237347.641935994
909428190,214896.983815987
527162140,224002.655375008
907227290,130829.666041451
905103110,121143.374200547
906392090,255801.009156866
911370510,252462.803300902
527105050,184317.028809773
916380070,318376.824811954
535105110,168650.930381693
905227050,142873.340111759
911128180,90439.2491589926
903200050,90073.9456650056
908275090,108965.577408083
528142070,385638.116228711
905200280,183726.307295295
907131090,210814.07060894
908103280,147588.397308924
909253190,92371.3195983845
902134120,94674.9971894307
907414060,183413.464633606
916455170,220206.800855316
909475140,275867.1463447
528222090,185691.972961942
906394040,217909.229705312
535453180,125103.002903953
528477040,221055.384171355
528102130,335205.445752955
908152070,150297.080077117
902327040,121751.899045508
534428060,148415.650272027
535383100,95180.4256570375
527162180,171254.688698292
528290140,193486.338853762
907418010,221340.589666124
902103150,124514.534914651
534429130,151798.939336663
535301150,147778.252020677
916386180,210253.691851844
907196050,226155.384680425
903225050,105254.801046703
527402060,153040.441505662
535382020,123565.586518076
907262080,204360.743030081
533352075,172125.929480334
907280040,227658.026745646
528218080,178062.604843452
902205140,113581.828969809
535426150,124917.974595923
535476370,184393.859986565
903227090,128088.301264549
909428120,236067.012404504
908201040,101370.550118864
911370460,348792.276176444
534176230,163016.072659414
535403190,151065.590929395
535454060,86174.2905873618
527107240,182768.63341
528112020,310666.366332054
535353160,107838.638838089
905107070,163919.638331459
909275230,186697.722715837
528235190,184815.85863528
528221050,187470.089314752
533212010,149929.447527097
916402115,196028.272530594
527401160,134757.042672467
908128100,188885.486210109
528458110,270870.357384922
527452190,145266.721436773
527226010,162199.45023807
532378130,92063.3354552984
527452100,137372.56486097
527453010,159932.744562748
908225320,128927.798842529
531375050,145215.194760742
528390100,370934.234291134
532351090,146003.244749602
528326060,240711.309171631
535354070,130107.880093433
906477110,150623.663626507
535305120,146904.387863254
908227010,102206.246720393
533236040,172778.518905431
906226140,118537.352212933
908102320,157044.115581938
528228295,199672.046834157
527325090,180667.568999984
907201060,144547.422348778
528439050,222126.803560279
527378020,162952.810991218
534477090,143847.871727923
923228310,80589.7516784941
907250070,244043.502208335
908154195,223159.57039802
533350090,274248.663395993
903401020,165745.457795375
908276230,116452.568774888
916475040,368768.201654662
534426110,138101.063884162
535451010,120358.581284627
905453080,265313.263818814
535179060,174832.850280344
528144020,232256.022786948
905105040,121176.536228793
534278230,150488.984001644
909250030,102298.203661861
531477050,91961.8963862835
535325350,126932.348005532
907420050,179182.979764693
909451020,127265.314132227
903430070,87627.9736894642
535327210,148358.762019635
902110010,107947.81042085
535381040,167691.856164751
909252010,166230.959535865
902207220,326050.335763514
908186090,138076.964258087
923226250,89896.9914181614
905202090,132747.434521795
906223080,220565.361962902
535353180,260336.519063163
907130100,209671.406255647
534204030,145388.130679234
905300020,141603.266806025
535451040,117443.061919401
528166060,500767.198698238
528116030,351977.400842152
903226130,121265.552380145
533217060,170359.586128594
904301070,145228.628718251
903225040,126325.03440365
909452102,204131.676641388
527214030,379109.04006362
907126010,157984.473319154
916403230,198352.421937516
533213020,199539.557026034
909176080,182723.843348976
907290250,146353.573353463
532378240,125151.093075499
906340100,327290.876067213
903231130,111455.619543122
924100060,168631.791738482
910200110,132838.996307437
528142090,313666.915025675
534128010,210245.069946157
534250370,284499.275167108
907414020,201294.333235212
527165130,170615.502098487
905401100,191778.045876232
528228550,171070.398295937
902103100,125532.888968006
534125210,157518.850380083
906380160,187754.39469223
535325280,133072.555416323
531475220,156993.651559008
533125120,375154.604340283
909252170,127640.047419815
534151090,202709.490530038
902331010,69925.2354165766
923251180,146739.723862174
528178010,393606.214020552
923230200,130203.581371999
907252050,214376.039550546
908152060,143717.331807611
533213040,167413.820169733
905108120,160861.555419797
528170070,252905.239275556
534479300,123574.778483399
527354160,173519.776895147
528150120,326279.583395841
527404020,131148.964331546
534129370,159943.879184142
528292080,259417.289143405
534400030,147076.109354177
916402125,180658.609725076
905451320,135648.785343984
924100050,145991.827553368
527455280,158767.155547314
528228440,175162.960595966
527163100,198579.926968691
532478020,307621.756387708
906223210,240095.49954884
908152180,147610.778456717
528250010,172239.724469682
908250030,66202.4932717189
535151130,147748.236484447
903204040,134427.293463242
528458140,278763.579454314
534455030,161594.831719991
528102100,276593.960287523
535379060,108143.690276154
527105070,186199.85103744
534479240,145943.384020093
531371070,197030.9955198
527183060,199158.378591017
528228405,210402.525555978
532353180,168251.881484278
902202150,111699.081988632
528188040,184915.821755585
527163040,183253.310889376
902206040,128452.962000026
908152080,134678.67172885
535403040,115549.964139798
533223020,164637.648111728
528363110,364442.378231212
528150040,344975.38047306
534177180,256382.760605938
905101100,100194.611620201
908226120,101702.104604155
908226180,72135.2689184435
535403010,134054.876903698
902128170,113283.366715388
907290140,137660.036270832
906380110,227762.698598593
923227030,148366.543950475
528320050,408422.434632725
902403070,134372.691416284
533250160,281691.229230372
534202170,141171.65201977
535453100,126569.952061947
909101060,59495.5686400023
532354010,140248.149991616
908127050,129307.057372807
923226270,93483.9643727204
527359070,192061.740887919
905106170,128615.870760576
905201030,78503.0767228291
535180120,126369.496741635
528385050,248368.649343919
535456050,135853.335739066
527454130,144905.86551567
534276290,109354.714861292
528292070,219562.607846301
909275160,135631.710270086
527365010,274009.455104655
535106180,136583.28650907
914478020,128369.075334054
902106130,98758.1443153817
902202090,155054.121026391
906226070,118982.229754928
911204090,93877.2419314579
535380050,133919.55771742
905403050,111432.556487118
910202100,120456.875552093
902206020,66021.4788355849
907196060,213227.692445034
907227110,129845.714229636
528482020,249914.231038347
909252220,141886.87148118
535104020,155501.632144559
528429100,327253.422742051
914476330,200433.660706379
535325290,119008.103795453
904101170,125214.963427922
908127100,119958.883720969
527378140,156288.408397477
904100160,140788.338155648
528186110,291486.059240614
911202100,71401.8993890253
907414070,186298.7860388
908128060,172283.587634505
902206260,98080.3844776466
911370500,279351.993204937
909277040,204538.563304372
907290240,152490.468047452
905475270,109739.590440402
905300080,142530.390694898
903456110,194776.933576338
902332030,185856.207667395
528168030,296721.627725079
905100080,161074.014394606
528240080,233473.669425802
905201090,164907.141781562
916384050,209099.906072622
535325400,101525.05690797
909427230,270528.296761137
531384030,195164.243224932
923275040,160513.233214956
527182040,164986.895787847
902105130,84062.7841609572
909451180,128403.970428731
911370410,296301.988662279
907410040,204565.87397195
528431030,191075.195856407
902201130,104693.079841595
528315030,323112.46474787
535353050,147095.046038749
528175060,211700.94402721
527131030,262015.040717848
906380060,300041.541622057
902107050,136317.432630652
903236010,111058.79421753
528174030,185731.291029635
528228340,177818.919221862
535455060,125716.190427926
527404140,113133.29694629
535177110,175137.90512561
526351030,182869.756390441
909277100,130184.584470819
534451050,115346.059356381
533250130,278761.718512863
528354100,262335.328775071
535150280,129782.576018664
528174050,195413.621281223
534400120,173664.964750235
907265100,210518.335631154
528188020,181682.660911216
908151050,148097.667504903
532378120,118256.427107576
905101300,130258.849554764
903476030,142091.478115316
535477150,105561.502749344
533125080,239781.096802142
534277090,152432.163273325
907176010,203205.378943579
534127130,151769.699269749
914478110,159296.768181577
535325340,131136.957834873
535302080,125100.139556223
535453160,123034.911426674
909131170,128218.339641608
527158020,183388.628142453
527107130,182033.690147998
906226090,149311.034363815
906426195,265985.128607656
531385130,236957.505124661
909254150,135528.012451797
534252060,130570.403972062
906340120,275970.295889814
909280070,194428.400221821
914475030,176394.575017504
528142020,262446.683599138
535301010,151063.285868994
904301060,147189.485298656
528180080,269940.447754438
528228360,206205.108564364
906475170,211914.049124062
528231030,183756.972489717
527210060,343731.398900378
903200080,186543.596089006
528218150,170479.529393017
528480180,261371.399746898
907180050,191530.567491077
903230120,98478.2527654582
905108170,152264.643044803
907265030,247396.104872869
532354160,131619.707914033
534453080,119334.621960431
906204140,227968.708150676
533128030,258694.160239239
908127060,135647.491702526
527427090,127269.076647349
906225210,162532.210140019
527216050,401882.648276231
535450070,133515.055827587
528180130,234454.304322022
923202105,188312.805527882
527376090,152587.498208657
907252210,265878.104280735
909201180,120996.50745379
527252050,321412.607080521
908154080,184196.308588379
534275060,126591.681099163
905201080,159220.827670394
535151110,143262.603906024
531451290,192838.826568116
527375180,163431.223525718
528142140,325792.352840344
902125020,117985.281504902
909475050,207010.593168775
528110080,366620.761122378
534275100,120701.235909124
907202190,136147.884980512
535381060,121147.648934975
911226010,98519.4906004241
909251170,150363.315190435
903458060,133886.866503688
534251280,166689.584778149
911175410,54416.9186672273
527358060,183949.4915158
528228275,191354.566303284
916386090,273256.07405044
534275170,141936.946445486
535425060,174365.288659554
528218130,209547.868474749
909254090,167543.672668758
527454200,145619.310056923
910203100,58574.6277147559
535176070,152661.730836404
535126040,227432.342605762
909176170,98913.6687715457
923202060,121874.574719256
535155110,144148.481215286
527376100,158240.963716817
528439040,228154.885296781
907200270,135983.605793562
528315060,253800.183912811
528315110,332010.890451953
908127070,120761.568449088
905403060,117155.344672757
534201240,148626.411587312
907187040,220885.954002019
532353050,128355.976817324
534226120,132084.708983557
535181140,158587.833484832
527276160,191788.654009828
910203230,83442.9727494759
528344100,321079.283070736
527402210,131337.460199939
909276110,181700.334911739
907401090,242934.00965569
924100020,176619.127274728
909282060,212599.658310687
902401130,140502.239391698
916382110,316360.468523002
909275080,184855.520071309
528142130,242381.156343175
528120020,274406.681421919
533213070,168735.874262293
534225120,137502.718104791
902103090,129204.005597258
534475185,166008.848719967
532378160,141036.680908308
906380140,184353.242720682
909427200,157586.614930609
905478190,102876.602481148
535453080,144809.438897565
535454160,125160.402985646
528190010,194131.026565436
905480210,110938.541156084
527107020,184225.646693773
535377090,143986.08239149
535457090,141456.280884294
527108040,249310.30150857
910205130,142188.264484818
528477010,428100.192245066
909281130,275138.568751144
534276360,116992.893104486
907135170,148455.428396171
923227100,141814.90276329
528180110,333099.663460316
903457040,167537.60105907
909254050,196156.934359904
907425030,148221.58411587
534128090,190989.387857796
527163010,179675.454284822
907425010,146118.02322652
535426350,140835.204866123
905402090,175855.237256893
533215040,275657.808231506
528120120,289526.227369948
905451390,151234.388059315
906475050,167126.522439801
909278020,135704.682435097
909254140,99501.6794541998
528294070,238371.598872215
905378040,137204.845201858
909426060,245920.500892489
908250090,114093.816911585
528138030,345771.146765401
531452050,130029.980841598
923228250,83019.2678766352
902328100,139656.483106982
905480160,99511.1691263089
534251320,158176.085572892
535303150,125373.526508597
905325030,202898.257550047
528280130,196043.22887143
531379050,228102.235692561
527158090,179511.374162009
923202025,201703.258568725
527427210,195124.789110699
906204150,248873.205190747
528221060,168909.756388561
908201120,97819.7638400611
912251110,48683.2285421041
916455150,309224.495561111
528120060,364906.665436801
528477080,236262.05642151
535105160,116602.482190983
902103170,92120.1585739165
907420090,184302.791307954
527166040,165610.99718989
923225490,119150.852519551
533208080,158083.340964135
527182020,158807.73919186
902207080,111406.842025695
528102040,352066.70086907
903227020,132477.928518363
534129380,141273.605073403
535455090,125545.579663603
905426060,81870.1760554772
534275010,127073.936844221
527453140,145737.122328612
527451640,111283.983377943
905352070,239526.947129204
528222050,167061.984273976
533253060,148971.952440222
923252075,138077.227619247
902300040,131128.704006025
902400110,328701.922548661
528235170,215863.401229325
528222010,270413.770835298
907262060,245386.357827733
532351140,132057.503174143
527450520,100185.725582685
909475070,229908.803680695
531376060,200697.236401733
909282130,142643.527314149
906424010,238662.302288188
905104240,136033.932524129
533212110,150301.666849988
528218090,171163.416479463
526302040,140902.77946415
535404080,117785.278965045
535302200,120612.518974618
904302260,112627.015584732
535303050,148362.582189223
531479030,122781.493991868
903232060,100973.321568158
903227080,125687.659298099
907135260,148296.379838643
902110090,165506.001082564
923225390,120139.545518414
535383120,70901.9402176343
907181140,203884.005561919
903481010,88066.128983905
532377130,135383.201087883
528222020,174719.008312295
908229020,87013.4030526696
905200350,156708.692337763
527402150,129073.952315233
535456070,141362.014955324
908102260,148178.901017129
923228370,91420.3605244092
528250040,172115.424067936
