"PID","Sale_Price"
527403040,156828.685485309
903454090,132114.107541089
528253010,200427.980214709
527183060,225352.440986475
907135180,124683.565201324
906380110,225143.013461492
907192020,185754.618154874
902402150,79524.1460714503
909276170,175123.557328576
906412010,391580.369084605
905452140,145627.362624488
531376030,187424.025857626
534277070,117106.717151176
910202060,118370.783081936
906226080,136430.573855998
903231090,138343.801460023
527359010,177349.891489657
923228370,90043.0610118675
906402060,243614.681136129
903426010,127978.416273931
905200350,155275.494199349
535353130,114394.412140767
907285040,255830.192462496
923252080,120848.306725635
909250160,103195.346981265
907135230,150953.284489782
907131120,197572.425560734
532476050,263607.202793069
905104110,140950.331586979
528104080,436078.341564169
528181070,223076.683151273
907285020,224652.266257149
534129370,149420.604999019
907401080,207756.789026728
528348030,265200.765232272
905475500,79560.0189736681
903453080,198162.125012475
903232090,149386.886121749
531363080,147533.953300872
528174030,192414.073857501
534129380,129168.283237848
528431020,242155.851664811
532376040,122440.716759023
903201020,126929.17652856
905105170,124362.426411266
533210010,168473.824344153
902201130,116216.328288526
532378220,125526.147271057
902405120,113160.39037821
907414060,187742.168088562
528222020,181579.228321713
923203190,162287.603258053
903233080,158581.351419472
531450120,197630.07068859
907181090,199291.57713282
528166150,337613.585307188
905480160,101233.638323025
534475170,169108.241490259
914478045,149117.826194973
531371070,201348.968648887
527165170,174421.577774319
905202230,206907.562397405
909425180,216842.240078498
528315110,322470.15261395
907192130,220281.19588936
526355190,308098.332526758
909176080,163802.739427536
535353180,209445.5867559
535300040,130859.856212172
905200160,99238.0728236006
528458060,197589.909616836
907254050,203488.549079443
527163040,175821.668273898
531452260,172907.884523602
528222040,196546.726500561
923225360,98037.8959287572
535457040,129644.789002695
904100170,137010.597542025
528218060,174383.426133305
908188150,149657.369070874
534252110,133017.614091201
909281030,130373.484983512
527354050,182714.125618612
909275020,158282.664858385
907414070,185799.228943483
924151040,273642.612089786
903452025,95685.4064379281
528280130,190503.219415885
528181030,197103.346754776
533221030,174729.740448911
533208070,166863.376642249
902207120,85505.746233986
533205110,221019.488903782
533212110,155719.705187188
923276250,143788.588323447
527183030,209681.799695403
906402200,303957.331304946
527106140,192966.05380631
535383070,119942.894693572
528174040,203113.668502252
903481130,91361.2119975928
528106010,364960.144024156
533223100,149173.404529981
528188090,168871.964867827
526353030,264633.499770807
911103060,100595.04817415
533251120,162724.579143907
533254100,177548.0044919
909426090,136306.566480272
904352190,133839.264122642
910226040,157523.792644978
908130020,132339.123861123
528458130,328107.706931463
907251100,255846.197227495
528429050,242494.590358075
531450030,191214.027402744
535152070,140510.523499735
535402010,184712.945962597
533212020,166046.443472101
528102100,267279.071050503
532376070,120173.051476534
902305090,82342.5475210367
909425085,260881.289837394
534177180,250946.585286775
526351100,169045.133547629
528150090,367466.721507874
528348010,247144.715826534
903430060,135577.654876714
534402060,146124.781246176
533206060,201151.18538288
907285010,226344.252671987
907265100,212753.356160126
535327230,103522.709818017
535103050,209847.240305832
528488140,213860.303633629
905352180,228880.102041656
528178070,353399.01395566
531479020,83062.3291812106
907201280,131867.715201984
902103090,116201.741978878
527180040,194359.995035685
902128075,107582.239387383
907290240,143102.391667728
528235190,191188.121559285
527455100,139936.423068054
533130020,236697.43496159
903476090,108625.468438464
533212010,156953.119952523
528292030,267304.797056779
535353240,168799.12258964
535475010,151326.152487081
908127120,114913.934875007
923226320,85434.825896302
909452050,223658.599666419
905427030,276785.373251153
923225510,134739.03013577
902302150,135037.577177847
528222010,278646.927159217
902106040,168470.576349133
903236040,116594.245230757
527455240,113722.538920255
905227050,138221.622749319
906380180,191440.928358917
923228390,76417.0721279182
527365010,271233.640738731
535376060,146289.515925291
528429080,277359.824598376
905107300,162527.833385017
909475020,243054.227183341
527403310,148440.752855355
528228340,197566.999772405
903231060,37206.2295555779
534202160,142770.922899169
907192150,188330.960837552
527163080,158195.850728427
528228430,196129.65625713
914467050,203642.256243943
909175080,46641.1046223816
902206040,133275.024722917
916477060,295861.548333586
911204100,79875.3991009885
528480150,197564.038319186
909254090,168693.85309553
905228050,37934.583455769
907425010,147454.038690777
906201021,161252.814668592
902207110,77351.530262913
911370520,282142.84491854
534427140,151373.39829152
528431030,221126.633718326
904302030,162205.576606342
923201020,141289.3410077
905103110,123237.157849704
907285050,189462.336923452
905475150,129715.853779015
528427070,224827.364525037
534178010,134597.636964174
908154195,446618.746726208
909281130,268267.427929132
534175010,148625.800946556
528174050,198311.051660226
910200040,114165.525966857
905477010,97650.9175026138
535154050,126750.541930783
923275140,117062.304458159
905475160,122574.381193818
528382020,313496.84030767
533213140,168931.052540846
906392090,254208.832842301
906340090,362292.884532459
527453070,134610.182150766
903236010,122864.215089723
534431020,136381.112475228
534250410,196228.836989327
916253320,279969.82844481
923203100,171265.411063206
528221010,187671.260554915
527110020,160244.129050231
527454130,139108.464984443
902206270,136584.686662342
535454050,82731.5237932859
527107130,175233.19315423
532376180,114496.914445262
913350030,208534.472756034
534276290,109539.944708628
532354070,141115.329676333
535154130,148844.199718915
909427200,159904.767343089
534252060,143709.980445623
527451550,110418.657084427
923275200,130694.083620655
906225210,161902.87977339
527161010,177143.461062095
907405030,221773.137845234
535327140,110431.657684749
916475100,305440.643557117
905402070,114511.020536197
527302175,180760.061540253
903202170,140398.469557576
906426090,177007.927198073
910202100,119116.575325804
909451180,124066.031200972
905100060,129646.100647191
527355280,207661.33777419
909275110,194802.67492224
527302020,190439.334115769
534250400,190217.905233746
903235020,95608.3804327749
528222030,185944.553076527
528477050,362277.110935345
533208020,226412.116606049
531452180,203159.886028508
909428180,193616.401105623
907262020,189873.672723846
535300120,170478.216233466
907275090,224192.372135136
903458110,103200.550745018
532376160,135403.29177582
528363050,322313.456110545
528458040,230946.873019313
527208010,385995.686087379
907185050,199626.535747053
527356050,142015.173066842
923203110,160683.928994618
905105040,113729.296317476
534475185,154575.366192449
907194160,207548.73175335
909254140,110914.70111255
902401130,149365.997595851
905108120,156243.467323795
908275300,148459.703735984
533221100,172500.023425494
533236060,202284.460172796
532377140,128548.452690431
527164060,169950.02184108
902301130,115108.326255265
528315090,327976.607860346
923225050,130106.267396168
902128020,98837.8696857438
528280230,229975.831344376
527358200,173692.42368275
907187080,189790.314798065
905427010,194391.490672131
905325020,265580.841599907
909254070,165848.626601821
905351045,186255.874588726
902205090,116072.820051386
535150280,133309.78756639
533253160,184742.759449338
532377130,136172.797619192
535478070,135944.313184526
905451050,149164.567018367
902102100,113800.95675843
905201090,160535.361524018
907252020,244774.578719353
902325160,97937.8399044867
907125040,148868.25815439
527450030,109294.652448243
528228360,203924.883500226
528222050,170986.278993767
526350040,118294.065037508
535105030,135763.615083519
535402330,194496.040366587
906392100,243233.559946372
909455060,148478.46800425
528186050,286061.2545406
531451280,199644.439332402
531363010,174623.521653783
528228325,194672.203756966
535303050,151137.073605929
923203140,158477.515794385
528480160,198255.821741111
528235120,189298.069538757
923400125,126942.180621102
907202080,138851.347748612
906226120,143482.803043767
907410100,185692.83662507
533125080,290457.463486381
527455050,144230.360157166
535301080,121706.327311831
905403050,107043.517407136
528480170,260768.168469511
535378080,128453.844732331
528439050,230995.822151649
917425190,201781.344090197
905401020,256788.047782028
905300080,136544.991733378
923276030,139497.534843003
535354100,137122.846535887
528240150,190365.738469117
916384100,258415.544162494
903225140,124044.75718558
527359050,147650.661069576
535177100,146193.646482607
905402060,136394.807817909
528290170,194533.267873825
534403290,210348.295441741
528458030,221139.233862215
906226110,120830.391780717
535453040,128214.339219144
903475020,120377.417933264
528120010,294113.042928504
907130110,174781.956295257
905107380,129592.876239828
528390210,243043.299630953
527402060,153287.359433372
905226110,142595.75912001
903231130,109919.752554479
535178100,159956.593336218
907125090,158457.137737601
911226030,76954.3407836813
902477130,43984.2995630415
909282020,249998.055516549
907280170,213142.232603123
527166040,161666.942506724
528458140,269044.236748984
528120060,378615.207702427
902301120,120882.90668624
909254150,148467.583621074
923230190,127317.97690659
527163070,181808.650606538
533206050,199482.149476376
916403250,231447.022267695
534428100,152002.424454262
528275060,178716.389855404
527425025,122388.421045716
908103350,134907.95886097
923400150,113319.909418907
902404010,141934.357496357
533206070,236785.509950141
528180110,325760.261129009
534402140,152036.586896171
905452050,88737.6296335107
535151160,142002.60588021
909280030,228917.470342667
535426130,196511.099899331
909475050,219189.81153495
534452060,133901.384725832
902106070,120245.361098012
907290260,258834.067578926
534177230,212766.373007419
909101180,121161.013452805
534201250,164495.652339203
535325400,104632.920180324
902128100,111395.347117494
534127270,165654.554126036
535325280,123019.372149021
528480060,320383.071117398
527210030,488349.060236205
906201030,172180.247767066
905427070,208211.68611705
535153150,162329.428886497
907227090,126682.627115917
528106020,476561.128653515
527455250,125785.793487764
907125120,136788.488953213
528441090,439417.064875995
535454160,134792.294358451
528275110,219848.837675415
911175360,96008.3536895829
903425190,207687.381103636
535451250,140158.580128053
535403200,118673.936809065
923277040,144025.725556385
527425090,99013.3027038142
527451330,100315.304879533
909275040,137029.115204833
904300150,87943.7524898831
528482090,303832.78913074
902401060,91791.6356541753
527302185,255281.90342425
909475070,230941.22293746
527405160,114406.332897406
903232100,138142.382136083
534451020,74982.0551757441
910206110,103980.890514671
902105050,125566.369268328
903426200,148341.05885614
528228435,195782.247977848
528120130,389000.050656375
533254050,210753.969078673
908103260,126533.539405241
905200290,166402.436540787
532478020,295803.146124803
907405140,202233.024120275
906394060,186472.197614618
902207140,106005.057091478
533205060,234021.992147026
535382150,90644.8795756162
909176180,141353.127842182
531367050,227976.492341786
905476225,127402.515838366
535301170,150924.93771368
535452060,129743.740353493
924100070,169182.118317608
905478190,101062.744595821
903230100,109935.729175298
528178090,355874.925318049
906392110,250577.886257409
531382070,243810.652852307
531375110,160288.928622311
916382010,213905.511257909
909101080,84193.3804716474
906223180,222983.747504401
534200030,119236.929900107
910203090,109714.968349854
528292020,211770.046743546
534451080,80900.6341393732
528488100,197226.829066251
904101040,124056.967110054
527216010,427715.058160724
527451410,96898.6083546123
905104080,111873.097991912
531363030,173058.254572241
528294060,178839.832117232
534204120,144235.81502891
902106010,138751.636078587
902128150,145303.055965942
534402170,179991.816282424
528186110,287548.456776353
535402180,112007.703925891
907251090,251359.229682702
903232030,88171.0178094587
909175050,196857.232034941
904351280,122445.92298114
908127100,113789.750016683
531382090,180327.406166132
908102020,110581.683635415
903231080,115122.626858184
910207110,90944.6919464158
535383100,94546.2673315422
916382120,287779.651500667
535454060,84874.7774181182
533217050,162777.713182231
902406020,115652.008749953
533251130,199422.416674562
532353050,133022.16199936
906204180,221938.860894528
527452070,142709.850065888
907252190,257151.258963172
909251040,152507.046882512
535327200,129270.194960948
906230030,271973.884467583
908188120,146535.456061267
535379100,131259.010219053
903430050,80573.4834722111
923252100,127788.325478218
903233030,128630.941944975
528144030,277901.695586036
907192040,221542.067242943
907202010,153310.627398661
916386180,210344.819905247
535403280,151077.09845812
526353050,240843.479279087
527210050,404480.176373176
903429080,172636.613835068
528150070,457875.655097573
527358120,162421.938410436
916455150,292098.546206455
916403010,188238.309106043
907253110,228329.002404701
527401160,127324.287016779
907203090,118067.114225055
906204280,246251.183375001
528360050,476634.250551598
914460110,219045.780489418
534127130,163465.524505313
527356060,167033.64449799
528186080,294643.040761682
906475200,221462.964930511
909278020,136810.051041584
528231050,185795.195260825
535380110,98728.3357029647
535175070,144558.093571409
903228060,124311.435417052
528170070,261359.81592454
904301060,146426.887133169
902207170,98459.0812996367
535325320,125384.781230486
907275150,308435.488715933
535175030,161309.758546925
902105110,117591.176418395
910204050,144691.787282308
527146135,297296.838237765
528235000,173187.843787835
528275070,235565.290471302
527353080,179484.650350766
905478030,136749.891546886
533352170,175497.116400475
535457010,138956.033653259
924152030,222043.391481268
532377050,141811.494524036
533252020,166756.508719265
923225300,90914.1344588146
923228220,89013.0558669478
535303030,174494.355938456
906223210,237435.519510271
535402070,139887.75247894
906394020,205629.851039352
906403060,222598.976722278
534151120,261288.989244576
907135040,149078.796197685
528116010,331399.075239715
903429010,125509.60348972
533253070,193702.494607767
902406030,116825.547987835
903201080,173632.859904167
908204160,80007.7505366242
908250040,104271.980822179
534431130,120078.234495615
905377020,145782.997835755
534431070,152248.03205066
527165130,169512.754827985
527302090,213317.097603615
907202100,121991.382268584
907295020,220866.196354274
527163010,172050.524204982
904101170,119891.509206144
535354070,129391.381790251
535154060,165532.229176881
907202240,171332.837285263
528280180,212665.949046433
905104240,128508.714437735
534201240,139223.823933701
528490040,228093.121949906
527454200,137109.553861391
535403030,131039.631515814
528490080,201436.31661098
527127150,215372.121887736
906204140,217070.922478069
903227090,125274.80222025
528108140,390169.411490806
902304040,136550.769442253
527450080,123250.102688311
923202025,181369.454483076
905427050,164670.56844274
533223010,177456.448082108
906475170,266947.60644462
534428020,131596.223534705
914474070,224299.67402766
907262070,181862.079516162
528114040,382118.723576026
923225260,164880.298770465
906426060,275188.507807844
527404020,130000.661093811
902125080,104637.665468975
903476100,90498.9396370159
905475510,110393.166346313
534252240,162945.038790098
528228545,178365.076160903
534201280,130358.557869986
910205020,98014.7007626771
907200340,132496.374559819
535382020,135588.504291674
906382040,203242.349241399
909252170,138390.278228461
904100090,170180.127541297
531382120,212984.799958381
535105110,157925.300397537
535350040,135512.356278626
907410130,264289.722103407
527376100,150318.240489304
535177020,124971.5945781
533221090,169448.244415184
906201023,226078.794888451
533208140,184404.040298187
532376110,131975.043862702
905100030,142479.551165536
534204030,144486.437776767
902101050,143674.582039717
916176030,157244.85932223
534129060,207337.857946846
533253050,172828.991243817
902204120,138401.087084674
905351089,184366.969931538
909275160,139319.846246675
528366040,330538.991068583
527403120,96589.495663406
905101490,134154.148386305
906382030,233165.021557917
534400120,174582.157467375
909428190,225036.25599132
527302070,181331.630061595
906200230,172215.85743303
909276160,292076.728200016
534151180,244243.032384372
903481010,90773.8907662791
902106120,87883.1419074802
910206010,44723.5295530453
916380060,265379.161214253
902301080,108755.500931552
907175080,215585.940507865
527162130,189911.378473105
535151080,132477.351119602
527131110,252104.403991675
923202137,114404.550073586
533252130,211482.895290906
531367010,198894.200163086
923225190,107221.51989021
533215040,265831.216407686
535454030,84665.2288970981
528344040,336461.046572377
906226070,115593.586413792
916125425,240234.388224829
527451640,115874.392532938
534129040,198531.976422912
528240060,191493.225224528
907401050,199521.99523498
533212150,155331.032886461
533210060,167627.259238188
528387030,288955.967691678
531385130,231668.160548293
907290230,145767.161587981
527328050,160162.4807901
907275140,289548.71410809
910203100,64290.9501654215
916125360,167106.899322275
528110070,293733.449548808
526351030,179450.360551411
905426030,174058.710283327
528477030,234547.242312028
908102130,106059.464129606
535179060,170544.737031363
535450180,80642.4551906997
902330010,146393.230380049
533213020,197509.701009428
531451290,192774.712763792
531375050,149064.700610325
528222060,182647.462058787
534476080,139665.546900156
531376060,186837.587949842
535455090,123839.583890082
527404140,114110.406684282
903206120,179809.86809742
910205130,137718.476394444
923226150,155901.231544613
533352150,149792.548608138
914478020,137256.648781255
905107320,143013.172683707
534151175,265830.490432438
923252075,133159.433561501
1007100110,141221.596221152
906475110,223346.637486094
534176250,138832.010080383
532477040,271443.75483325
531450040,176233.399514862
534278230,147021.300491394
527357180,288166.601493754
924100050,144442.093469698
911102090,87900.0109889754
907410040,198902.391637893
527354040,221441.383526402
903226170,133978.243023697
535453160,125273.016670111
905106140,145673.262305374
528480070,257839.310185895
528456220,202592.321953992
904301110,109669.405849149
528120100,234339.679618089
535304020,141720.772713709
905101200,108723.822951847
528427040,197623.028938307
526355080,361851.306821787
535403150,152435.84744363
527427230,185802.781662171
923230180,131877.428036628
914452190,138691.922242476
905225080,209067.28113831
533352075,204359.381139093
527276160,204656.174504323
534275010,131029.042229977
528150040,347446.950191908
908102140,115439.438768543
923225080,120460.712821144
905104180,135630.681379121
535451010,130497.528693424
907194020,212382.030213891
527375160,189663.292145541
906223140,237978.378371884
907290170,143026.331655736
527451650,119105.211861657
528186090,286797.339921658
527451450,101173.309709738
535476350,182183.626682906
528480130,213164.926136976
535402220,173054.361961576
527403360,121660.148333994
532377060,117557.060029224
527354200,189554.892778449
908152260,144823.475275433
528326030,307291.163951995
527452100,133120.422986551
535152050,208085.531486953
923228180,76127.4159772637
534104100,205898.089846489
902103150,129340.436921617
923203090,158904.88390868
903227140,129762.85227678
903426180,131084.678525496
528176010,450939.483810929
535450100,130135.711386056
905226030,109151.476376687
923276100,132481.771396871
528118030,412637.365964782
923225490,120610.490414845
914476450,189872.091670491
528458080,243623.165550002
535152280,143739.096383825
905426200,144132.44714104
906392120,294361.295268189
535402100,141151.302464458
907200190,141446.346710309
535302080,124792.039363132
535305160,100647.787841348
528221060,177761.026006238
533212050,166399.418551174
908208020,128975.512507772
534276010,116634.696912291
909256060,114443.50341191
528150080,356507.497854387
902134060,103680.056725579
534275220,124365.128746
907410110,224376.136350522
923225370,102217.470255673
531452070,161364.96416428
534451110,117095.851551764
914475010,144262.41185296
527358140,205235.947395269
528250030,205381.594200544
528142010,314523.94972899
916460060,228738.262797138
535180020,160702.249509464
528386040,365952.126604465
906380070,324355.427448669
907260030,185626.922310641
535455060,117567.419945609
528358040,271872.632388445
909251030,141898.541230564
527164120,201161.812699576
528102010,378505.707244174
923229010,155205.724549876
527158020,171810.949362733
527455080,144710.641789119
907180040,199526.354143188
528327010,412529.795683185
528228280,197361.120288543
535180070,136656.923535071
905479110,119146.408782352
903484080,22630.2654000029
534426110,136616.578482363
534479120,122563.951972598
905475520,87424.3174846646
528174070,198750.059649289
916384080,238274.400990582
532377020,104964.045816726
909101190,138906.521841649
909275250,150146.067356809
905106170,125894.096827421
528172060,236885.206688441
532377100,121196.789833976
528290060,156911.509640669
534400060,162110.989738596
528221040,203202.505568597
531380080,239062.5881384
909455040,168584.483828996
907262060,239109.989465705
527455060,141309.952435319
531452020,122818.960044156
527425060,110168.18169863
909250030,99463.2946124349
535180100,140366.389403495
923225200,123662.323133374
534128100,159557.221145102
528253020,220676.153462597
907230240,142052.007747519
527451020,114148.888566534
902103170,98519.660522877
534226120,124336.498530583
533250110,216515.346222033
907280090,229456.926744914
909101060,67239.5404934677
535380050,138378.621233869
531475220,156398.275698281
907425030,147299.436643407
907192030,183670.277632184
535377100,94476.2852993891
923202220,145498.856391525
923229100,202910.667098709
902106140,106464.525183236
909475230,285567.488220166
526303060,205854.464775161
528294050,162995.986378892
909275310,230464.028522762
528480040,251023.855249682
903226160,113322.87897083
905480030,110847.915747019
907425015,151879.701774358
528218150,182427.250294513
905352140,243640.716519301
907290020,251795.720867244
909251170,157712.153630173
535302070,124828.25375756
532378240,120437.345072577
527402130,110981.683795901
533221080,171847.53574134
905108170,150100.411785963
527158090,174688.757243484
535355020,189251.672738026
535451210,108224.694166032
528326110,337289.045065823
908152060,130827.205427135
908188140,146535.456061267
531375060,142885.830717653
902204060,125879.504858312
907194110,191822.699726809
907196060,202085.644243305
909250210,115105.922757685
902109160,120231.871534099
907192090,212549.48573077
908276140,101919.243538201
903456060,82532.0611299782
535353060,117730.077563942
534175080,214466.263886636
903430080,121533.750466478
906223110,227253.105626803
528431050,267016.267702023
914476430,163822.4391958
906426195,257531.367166036
905226130,152360.883675803
528363110,340790.045521485
907412090,194766.675709667
905402110,132543.115942748
528102110,454579.483460581
908201100,81271.8742888065
914476080,120458.69458872
533206040,174972.158603047
909281080,227511.706642675
902105130,82013.2752773515
916403230,190465.629484654
