"PID","Sale_Price"
906380170,208631.212858975
902204080,90400.7038090358
535478110,111092.797790222
908152270,155475.237356466
903458060,124047.788927329
907285100,241707.820964455
535377090,131107.071435258
527354200,192165.623157829
911128020,114303.574359741
533242030,219339.510227449
907135080,157804.53032098
902104020,143414.06537377
907414070,185014.780277805
528228450,191074.831409741
905425125,230085.593663493
534225110,136446.065691032
903427090,150031.858934129
902109080,124298.3669911
531452020,124275.372327246
534451020,54882.5384424053
531375120,159135.513749613
531451280,214546.819049602
907192030,185182.124677254
526350040,121076.730963837
534202030,143061.904596406
528172150,279522.814748031
908275240,100797.350315092
908151040,151802.848089228
528458130,307185.822932604
532378200,133650.093743021
535303030,172821.530385953
533208040,198525.960838755
905201110,160455.839472884
527126030,264918.084335535
907412080,191275.382059501
528142010,294657.739168786
916403020,175875.698899236
528120060,358851.423316406
904351280,116569.126725
533244030,240077.640326002
924100070,160599.74522192
906392100,235317.3930793
905200350,151389.513040808
535125010,232951.231550912
907180120,219095.743703417
534251320,166078.998577567
527252050,303972.042142144
905451330,160291.118726075
527356020,294725.469763768
909131170,133604.089085729
528218030,183005.139474849
903454060,69924.7686168272
907252020,261339.246773095
923202060,132744.143019312
528435040,356090.06065717
905201080,159535.913324112
905300080,146966.324648478
905229040,160809.097914349
907254050,204648.998863914
903426160,162705.13017647
923228290,84627.1324004487
535402070,153649.828270332
909101080,96953.8005012913
535175030,151894.660325284
531475220,151742.056664338
903454010,120263.349183253
528228360,224033.6332258
534427010,154576.200230021
905476225,133139.960565289
907202050,146460.386149619
903227090,129314.579917605
907290230,143322.595218327
531375070,142290.951727955
534427140,149169.846213672
531452100,152681.386693876
528186100,337992.724074667
914476050,153684.267124604
535382130,158091.029912247
906226080,143863.511556444
902207120,89083.1529867919
531376050,177161.821566664
907295100,221239.080182089
903476090,123136.448279544
531375060,139068.373299371
535453150,150323.312573243
528106050,455106.155824298
535454060,84879.1504709367
528106070,307017.712647503
923229010,146577.48100951
908102050,106152.683097734
535425040,186157.77075142
533221030,178569.880418171
528427020,251095.829303075
535352080,115145.040014976
907203060,119994.925671857
903201080,167418.609986067
908188130,136769.549184236
907420080,183547.849874611
908186070,146023.71439745
531382090,184695.163978198
527353080,173951.889416598
533350050,340810.654422616
528218130,210433.629454936
534403100,173179.385094665
905402070,105870.309731924
533253050,166451.938849379
907230240,138069.722023026
527403040,144948.158745152
909252110,175533.866124818
907290090,208675.587046458
923202025,200567.891834771
534403360,149374.270730793
527454120,136579.899895774
907250020,235655.381887285
907414060,184188.93087801
909250200,141747.972173382
923251160,115319.661759628
527182190,225013.670077659
528363130,334681.904710689
535452140,106079.009531856
527216050,406307.86826783
904100140,221057.281513079
916125360,170501.154163588
528250010,175937.265899035
534276070,143500.803970507
527357110,141855.752705192
528441090,472766.391668285
531380080,244100.529685251
904101170,114387.86890665
527404150,120995.468936893
903231220,97625.4512012555
527161010,182099.149437094
528385050,241972.822740201
907181090,199256.217714253
532376160,130330.919706245
903236130,179529.350577675
534425310,150547.694099807
905450020,144615.67478371
535450210,133759.242903147
533206070,217774.81523839
533223110,149823.248146428
903232090,146232.752476499
902427040,105617.893730646
534151090,197889.70081977
527359030,157309.280446326
906225180,202832.672039825
527107010,182694.221714051
905200220,125593.600412687
906340130,323880.346308479
903233050,135100.48432605
907253060,241211.810889256
532378220,124151.227270185
909428170,219572.868255811
907275030,236075.567539294
905452140,147972.443309121
905378040,141029.82141905
905200260,143809.05388856
528186030,289666.803373432
533242080,187514.433339975
907412070,201518.870410529
535300120,172109.515055234
528240020,194744.986550032
908127120,105944.848716452
902106120,78309.5614689856
907270040,254418.38656758
528275160,262208.016802617
907420110,170143.478989569
902111010,102740.710779122
528240080,245242.71242648
535401140,143317.538033664
528228290,214352.325251217
527454130,143478.361828452
527455080,147763.032113556
528427040,216393.944484729
916460070,196415.635308975
908275220,119985.427853229
533352150,165398.232268769
528458180,229327.847133587
902305080,149301.494263998
907200250,148708.644218982
907135180,121816.590420021
907200110,120866.07029477
903454020,73645.3987122821
905108090,152202.940926207
907202010,152292.816561551
907262050,228188.178300152
911370490,248676.050473389
527365030,252735.981099017
527110080,184126.759059754
534431030,128238.639485608
531452010,128241.819270349
528439010,231754.43239571
527212050,307851.845232575
904100100,213501.780599419
914467040,241663.79746074
923276250,158195.998824333
535457040,125147.631875251
527356060,167037.928274837
535378020,110962.877649634
531451030,187228.884316483
907275090,220987.090713979
907192040,217347.608825466
528458150,303528.543896907
535301170,152695.511353934
535402330,173335.19794456
534403040,166629.505864032
535383070,108395.733282194
909254050,175765.703652087
908102160,141559.654505695
528106040,377095.170524533
535456100,112963.170909197
528110100,400781.887931266
906202040,176005.400550598
905226050,160750.065342335
923225300,94759.0936817285
907285020,228510.479163817
906223040,224168.062613002
535327210,146051.847438502
528228405,245191.030022591
528480130,214116.755869143
902329090,143352.668650209
527404030,143828.667247086
908225310,94765.6908712821
534450090,56219.790415356
923228180,83250.2998707867
907176010,201248.073965637
535180120,127061.576356128
527454050,134041.96521154
903456090,83308.7541262288
908226120,112348.846852079
903204010,131278.228814328
528429070,270559.774090663
902103120,119404.633403493
528142040,332866.258855947
527355280,202231.397776828
528118050,449640.601948905
535376090,124784.619036441
534275010,130449.051799667
535150300,221286.76906756
528221100,174362.461791612
531375050,149578.119498918
903235020,83896.4389497654
909279040,116510.888731017
903400040,185105.847706483
527355150,316220.810011267
905202190,239824.091194108
916226030,219253.554728091
533213120,176540.653013012
911204090,87685.3204700046
903475040,121677.958380067
528138030,361673.862963847
527378140,159925.728624102
527302185,246627.914951387
528174070,204396.6065975
903229040,123422.492225389
528186010,295199.457003462
907265100,211192.17840929
916382120,313658.838455478
531451290,195936.87669734
528168040,321233.03481473
902202090,120847.513753825
535450160,88266.6645346107
527132090,209207.616938327
534250370,264747.855934613
906380070,366130.548713203
534201130,133225.440258034
916403200,219052.287249073
906226140,118779.177912426
923228150,106898.457383169
906223060,198991.687889558
535350030,140823.52030102
528228325,212672.863962459
905103130,159709.453287877
906223140,220752.440201687
909179020,190608.000214419
534175010,138315.511705901
906223220,228167.070407595
909275230,174568.111233485
533128030,251185.404679355
907252190,247849.752021482
908186040,142998.340261579
532476080,278047.769360701
528290090,171879.877395259
528166120,426310.015396331
527451410,96643.2555631937
534475185,158360.378833166
533254050,200888.91907953
907202100,111848.529288742
906476030,189181.860812993
534152120,161541.826973748
908102290,111191.265560486
528221040,213438.874018817
533208020,213778.6675622
905377130,101983.183347689
527451400,89574.8729583947
902328040,132221.578701522
535301010,147369.41021503
905480180,123830.305608565
902201130,115125.385547357
923225150,107168.445757203
904351200,109487.555101506
909254010,134906.459098645
916382010,195814.334894733
923228230,89828.3459464796
923426070,133719.321719511
902204060,127197.486572649
910203250,65817.1659138596
527105030,199811.484477706
906392130,179353.601389153
535155110,141189.963129125
531367050,217218.512467357
528108120,384743.260638834
905478030,137974.160113148
527357180,276847.041553817
916455050,203303.655118245
528221060,173609.656540563
902134100,87509.7204883281
527105050,182493.269983856
528344040,350280.65466301
903454080,129030.138106579
531451110,114575.874104582
534226060,154856.395627841
903231050,105564.220909277
902107030,126665.708530376
527325240,165959.46073484
908102110,91932.1703158465
909425060,180459.552835714
903453080,185728.811265921
527359080,180012.991408185
905102010,156361.906456933
906378170,234044.59307611
902125080,99856.7337784223
534252090,180292.865314585
534177210,158761.553396288
907401080,221906.179432794
528458060,216820.723857542
528228345,258317.461927015
533213020,212888.97768354
528382020,289983.556401435
909281080,250473.995084447
902105060,129432.284543531
906380150,178710.260715423
914476020,126122.441072305
905105070,151688.811807288
534400120,173190.946451781
528344070,397000.617559804
527162090,164771.161310903
528120100,227676.916239597
527353020,191965.786746163
903452025,101946.328944995
905351089,184716.83035014
905377050,87731.0743141566
911102180,83842.6895360441
532376070,124202.623434921
923277030,139993.852551819
903232060,106397.14318214
528174030,201949.628708589
535426130,194013.129617631
908186060,143558.156848592
908188150,142432.963938367
909176150,122790.393424735
528290140,190219.936297906
527327050,179069.549898023
528363020,306851.742811858
905401060,225721.640168031
909275080,192631.676483087
905106170,127862.636571941
534125210,160290.965860625
528180070,304684.556670188
531451020,194119.548362789
902103100,117979.768176621
905475510,111249.178615799
534400060,167425.475628462
534475170,167624.222202489
902477130,39520.420502602
903484020,137124.919911874
535450220,122871.689143442
528174040,210953.040537327
907410020,178168.260318893
528482010,267137.472829115
902402130,106821.923112458
528221010,173541.787311167
528142140,326004.008126282
526354020,180749.429099376
528235090,214852.925860122
533217060,167222.339843944
535402270,131659.504509465
527328020,158253.640693381
535178040,123396.599872301
902205020,83057.517410229
527376090,152013.490372354
527425025,130079.964966196
535101150,134781.076995322
535178060,137840.93149354
527301320,247880.95455386
526302040,147613.030835633
903227080,117106.08296542
535151130,146581.115521223
535152010,130549.361510537
906392070,196730.766954495
528108150,277474.804262954
534128020,204769.25797673
916475110,204511.256282917
528354050,316523.732962303
923226290,79785.4170943349
905107320,138478.778124745
904100160,136591.102091017
534252070,105494.376348105
902106090,142452.79717938
902207080,126716.332936218
902327070,130780.01744527
902300260,119752.223653049
902108060,108256.371114587
527127100,375415.155203072
534201230,139266.126411586
902109160,123172.505202542
923228370,89115.2722628458
527163010,181640.215678653
905480030,108313.375326621
528120090,237650.241407228
533250130,264082.894142149
907420050,171011.023660078
908127050,137916.407524197
534176060,176337.892983634
906412050,349105.425482354
904351240,82587.0022783128
906380160,196263.031636257
906204230,238953.132344686
907405020,217619.313782715
906204180,253012.832552836
923226250,89842.2250703804
903453050,140632.541338005
916386180,212192.924204136
528110050,407628.623009863
907135170,139991.182406451
526303060,191407.860784556
905426200,145697.377824386
907227050,121031.591482779
533242090,279723.883622582
903228070,102425.206913409
534278170,136838.304971181
908128050,129562.081074959
528480100,187598.322290065
909253080,165540.097779943
908227010,100422.573420868
902109120,128155.992750709
528174010,191111.461775444
909475230,298717.346144608
906230030,268515.200408259
905475500,79233.3298614588
533236060,197212.405763496
903226130,113929.308602676
923225080,126281.912452501
902105110,125323.677602683
905427010,196928.426969776
916402115,190553.292902579
905301050,290364.61572292
527404100,123635.604095866
535453200,143111.57536212
907227090,117739.570016751
903228120,110986.796100024
528480160,198339.180926759
905452050,91665.4173785004
527276150,117423.687097028
911128010,99655.5236222953
534425015,219034.11330802
907414040,192121.278527685
535377070,69504.8492196166
535477130,168261.830143275
923204040,148410.41337725
528188090,160016.502026377
907252050,220197.350807431
534251280,165340.826312446
533234020,224859.432927282
903450060,166760.976503559
905202230,195001.453420114
908103310,127520.202588455
908127040,115429.471452755
531382110,181616.138914921
535402140,173564.959186376
527328050,159905.292643881
909275110,185698.525395164
903204095,106440.681955539
906201030,174502.696411003
535151110,140618.996108446
528108040,378301.122520643
909451150,144538.737986321
903430090,138913.287492819
527359180,184368.363254671
534401190,145667.646019115
908152035,115862.905929166
902406030,117886.755555211
909253010,166105.926257152
902427180,128609.370069276
528253010,222642.163489476
528480060,317164.022219477
910203230,78854.7607955471
903454090,140421.866362536
921205070,283390.117607212
528166090,455575.142199591
534175080,236445.761203982
907196040,216390.848966664
528427070,238694.852181083
534127170,173306.4372041
534450150,82589.9164905367
905325030,237377.069565663
535103050,219325.914049122
535181140,152385.506440052
535106190,155906.120823505
528228275,222873.296367225
528354110,333858.802125444
904302260,96274.5585600167
916326090,205547.373863738
908275280,140758.265734082
908152290,167229.197437528
916380070,322319.352490934
531376060,192315.224310106
909100080,118816.678402513
527450280,98352.8606470304
905108170,152358.768775593
906424010,238022.450349574
527425140,118596.03762382
528290120,189331.666936549
535380050,141354.33080477
905451410,134567.103961857
909254090,162491.139589473
921128030,322168.767710645
535403030,134714.639616122
902401120,263966.565499109
535476350,175728.160057168
535302080,127055.396562953
527327080,178999.375525128
903481010,90439.4216583353
535451040,118536.560893376
528228575,299946.557544956
528322020,385170.592388223
535105110,160889.018070341
907280090,253080.403289337
535354100,137137.082295043
903226160,111164.546627189
528458070,202333.640945638
535451230,105240.146762068
908127100,124767.602641042
533221090,172728.270010799
528104080,413268.711841969
533254130,177393.779104658
902109010,104896.357802609
903228090,107320.223564508
535475020,160980.645278969
902405120,111699.188513229
905475160,127711.277603066
907135260,142098.524757689
527107020,180889.107673089
906380120,200906.928651398
528188060,161096.443330015
921201060,338048.4926266
907405130,187788.060340384
908102140,129635.496524567
528181060,209062.020995181
905104090,115259.409890241
907175080,214161.888305901
527355060,187674.910415946
905100080,161004.443119379
532376040,125912.727485673
535451010,113108.376565522
528112040,306786.784357476
906380140,188598.209054551
533130170,317044.568603138
535353190,129224.954447466
907200190,138259.98960522
902107050,133795.730826775
921126030,256853.866290838
528458110,264500.79020598
528220040,174017.263716945
905107240,165490.375776776
527107130,184205.267633972
908226180,70240.1664574451
533250160,304107.741096646
908201100,80461.0432802064
902305110,139427.323653002
909277100,133717.281340154
916325040,219878.177585213
534479130,154014.244965221
535402180,115159.206488251
528106010,318573.332618152
527184020,188917.553003941
527450150,113230.981644113
914478045,157230.088864845
903481130,89237.4822257329
908276150,80221.8371653579
528228375,270346.470791078
528174080,215424.535501272
902204120,140921.593270743
527358200,143968.644337286
910203020,92595.2565888759
905325020,244214.85752164
534479150,114333.773670537
923252075,135370.161456233
527427210,202643.772781244
903201090,123460.869975513
902206270,126498.272697987
903232170,78149.2345899402
533221100,176999.530499772
921128050,434720.299941188
909175080,58626.3220466398
905451340,94117.1256664732
528118010,325427.795395693
909175100,155049.389222341
905200510,141615.151123787
904300150,83006.9177537493
527402090,130278.726994343
923229140,200390.08360117
531375100,161422.629853923
532378130,99602.3160400319
905106150,128522.68471893
907252220,256055.332288377
532353120,119994.925671857
905105190,135199.471121715
905426030,199609.598152093
912251110,54184.9204624225
527258010,384395.94447971
528354100,261845.179431104
909451100,131161.472267852
906340100,336617.868232237
528458020,227285.767902518
916325080,287930.287049001
910200020,100413.092595959
528290010,204709.119589344
911175440,80328.8631920134
916252170,175550.774555242
527140090,206782.895015676
527166010,226891.829436264
534201250,169457.364289633
903458010,107327.69526807
535125090,204086.906270097
916386170,243930.185109025
533221080,179022.593197323
907187030,184328.982129673
903231130,108809.293493307
905202090,128111.268373735
905226170,155209.907538109
911370450,301216.4455371
903475020,127633.23088788
527158090,175641.036196662
907180130,220498.691876994
910201050,131017.578045301
906402060,260771.613957995
907420040,166470.988852088
905402060,149066.601597897
911370540,262247.279326906
910202030,80361.2747327221
903204040,139263.204522624
528477070,274277.434734808
534176140,164326.903548144
528120110,269412.964055148
528228295,238098.960261109
903234030,121235.372049415
534129080,193382.6647401
907405140,206089.705842131
906426195,270561.838305798
902207140,93771.1213759822
527402220,137473.085283076
906392110,248492.796469253
907414030,190407.786134605
905426100,200056.68864325
528431040,415448.822817049
533215020,297614.625526249
528250060,181405.646570218
527451200,97692.3219648692
534425080,184353.945973834
908275290,126310.458018844
909282020,240758.373611718
907196060,200517.401209006
908154195,234836.736406615
907410110,214308.787721868
909201180,114715.822632576
533212130,148196.42504037
527450250,100248.709232986
923230040,141982.5706427
528221090,180346.518787014
905200490,117945.568794823
535451100,110653.039618785
910203090,112297.964877979
528348030,275834.26237825
909253180,137957.581725206
528222090,181169.307052908
907401050,197397.936315702
907185050,203566.151480908
924100050,152327.387068673
528480070,262028.534424099
528326110,313501.835364201
528104050,421085.862590427
535152060,135124.966497831
527404020,130172.045551555
908227040,91961.4578788356
902301130,116772.63222623
528218100,165888.253941383
535456070,146807.471378794
528435050,297653.228559335
528431110,304260.910080599
535104120,182262.987571879
907290020,242723.735338474
906380060,284590.995991343
903206120,187650.749571129
914452190,140254.570189373
527108040,238774.538481923
902207150,113585.40358847
528120150,292289.143804036
535302070,132808.975322307
903476110,113195.891801659
533213130,180611.580820418
527375180,156230.886364541
528235000,170128.551589555
535478010,132850.398459267
905480090,88463.2696287171
527158020,177378.215605449
535325350,132051.83600254
905105260,129939.23994066
534128210,252923.32911483
534476080,134136.850404833
908228040,126287.572874735
916384050,198344.855537419
909275020,160262.841098886
907202220,130035.189208536
909177100,126674.043855096
903231080,107099.071844693
923230010,159329.73763325
534127130,160561.000453652
906203140,265798.244523973
531363020,142838.871847525
527106150,199535.560855286
535477090,128139.372033869
903481120,130770.663664011
528358010,242953.239850587
527208010,367851.796652019
911103060,131943.954275477
905452110,124136.66494437
534151175,265443.349236393
923250210,118271.201963842
534177230,214504.469417137
535426195,217811.578807059
902207170,90341.0642126062
903457040,168658.489939967
902305010,137431.138227812
534152050,204156.791278904
535325400,97733.2306907806
533206060,180366.298933611
527358090,179776.065989119
527325090,188451.679073246
535403010,136631.2291192
907200340,134383.071787763
902330040,192375.94130857
914452120,155316.666443052
535403040,115428.370636782
535425070,188428.496422404
527302080,267718.96248368
906380200,200958.475603241
907425030,147796.574358486
905107310,145842.789787865
533241010,199951.782249271
906382050,262223.521046152
902301140,101303.190389129
907131190,201700.565557662
905105040,111060.488853174
903230100,112531.032421507
905351045,144953.826422741
923275010,155077.930106579
907255010,209494.118296497
528320050,473460.331086453
914476380,185953.541359733
533210010,151507.080968713
923205120,141882.406193894
528186160,230947.135966694
535176070,153013.734851051
534129060,195485.569850556
909276010,198279.796410066
909101330,53520.357943513
909428280,308406.93734104
535402230,142671.145187501
910205010,131008.082333889
914475020,152378.676264373
528445070,246630.502194748
905480240,84140.0219056974
527107040,171430.349014414
528118060,381218.727833993
902128020,94646.0188198779
534427090,126784.508476718
534403050,145800.930752716
916403040,170736.114022191
532378110,140625.835615747
903425110,140827.280744912
903481100,81395.7518058353
907253110,252901.862648861
533236040,179165.379761926
534278230,139582.450874861
527165100,166187.369448
909101050,120666.017489564
528480170,271467.998105389
527107210,195051.671212181
527427200,199647.674292615
528186180,219794.73593793
535301160,124244.324429807
527451060,99360.864278149
905451390,154990.253854124
533210020,156426.935569348
535106140,116995.570889947
533253070,187981.575722708
533208080,163171.611055769
528458080,239267.362189078
907125020,149233.592064385
907130060,163684.380435296
535179120,118685.195492632
902401030,145981.385777574
528364110,316693.122041962
531450120,188239.9064728
916380060,261558.912897234
528435030,266012.271953398
528431050,270693.206376559
528150120,324636.12058118
534152070,202207.484192449
528294070,219309.599747603
527108010,313559.244520524
528228270,216947.928616006
904302010,118633.932845259
527127150,201776.175888974
923225310,100497.685513681
527451290,96324.7023712867
528458040,231069.406157359
527183030,196769.607523635
527455100,142193.824246645
903232190,114642.328354532
923201020,138310.895004663
527451330,103903.517671929
902302150,129661.461433638
909251040,155421.868331737
532351140,134164.868438916
528218150,191667.792621226
903233140,124696.587227124
534152100,192033.718786886
902102100,111344.917914949
535454030,81354.8536891083
923228310,77816.2057106706
534476320,126552.45082772
527107240,191867.501799986
534431130,121025.243289653
905403060,113900.519604952
910200040,119440.394921176
533212150,148442.120648525
535425080,295340.815956635
905451300,111054.345921992
911225110,56073.0225963333
923225260,153786.310044647
903206170,175454.200789648
535382150,70827.3974829784
527405130,114240.58487653
907285010,224953.592966938
905108220,138074.59403025
533110130,281994.420105966
535457050,104029.835201118
527450210,99893.5949007069
903458110,104606.451889416
528363070,319976.088570592
902332030,148832.078483117
916475040,347532.210838425
528221030,172208.189321412
535105090,163837.431502809
527163130,180491.738338373
535381040,163891.502075657
528228580,262253.78196839
528181010,202435.549690517
902128160,123756.518987094
905104170,125914.52869457
527450010,105909.693715723
905225020,206497.738297658
531380110,194469.197203213
535378120,115212.37375646
532377140,130476.672835554
906223110,224479.975499706
903400180,201120.292420473
