"PID","Sale_Price"
910251050,70503.8561524661
528166150,338829.350348838
909101080,87448.74016934
905475160,122107.993434684
528222090,177597.858655807
902206270,130143.322012677
902106070,118793.359635398
902106090,137497.759497051
528431070,236054.172037661
923228110,84961.1355843521
535457020,159853.584633904
906380130,216428.060906886
903226170,132006.635398122
907227030,139045.650552768
907285020,223287.385987413
531450040,175804.770223897
532376110,128305.061864969
909425270,182064.939215686
533253160,186239.238894573
527163010,175038.309580589
534477090,149293.167252467
528250020,193733.144145283
905452160,142413.455035079
907196040,215360.622081731
533210020,168676.200430925
532478020,305109.992835696
534278150,145876.016187283
528188040,189400.830931217
533213010,231346.319632722
923204150,133046.168004614
528221030,180645.483782208
528221070,185063.020196202
535455060,119319.304856429
914460110,221139.638217582
531382070,247247.180826719
909131125,133344.583775074
533350120,284546.328287085
923226320,88873.8092438892
909251170,156210.444769274
535478090,111369.740271174
908152260,145486.197618826
535179160,128686.971768467
534427140,149884.058244658
908188120,149795.970278784
906225180,203822.362124126
903225040,131576.0404166
533221040,172138.168327592
902101010,109139.036988762
528228405,207587.103819906
911370530,277216.274091339
902107030,123395.292381779
909275030,157443.064561968
909254050,194824.80531625
902125020,110324.278035123
535305160,102076.848995764
534252040,141890.58840014
903227090,121054.551427604
535178120,138226.628025521
528458060,199015.553438982
902104060,93513.4699616182
902325050,152772.687365501
528429110,259354.262028889
902207220,241828.17153347
535152200,136397.102586726
907275010,240762.282032483
910202060,115793.595770535
527451020,114359.110867674
534128100,160758.100777132
924100020,176390.687883425
535376090,118596.782149696
528106070,340233.198732849
908188130,147004.721575141
907227300,125993.386394511
907295100,208255.806903712
916402015,184901.11105842
535453080,152310.320083679
908127120,117536.353753
527451290,94401.2032528953
902326030,210742.502635979
528385050,257906.355731687
534127260,164293.475732087
527376110,179838.622677809
531479020,82496.4763302002
907405020,212826.136776374
908151050,142414.171845837
531363030,171839.402152789
905452110,125465.811413083
527450030,109075.730465627
902300040,124504.816490575
527368020,206889.771014447
907202100,123283.4536144
902128170,108867.590733282
909282020,236448.688569607
911175360,100144.851229646
535402010,183903.867969165
535426350,145652.460976072
527107010,187294.441604397
902427140,94353.6177013524
905103070,130335.015126194
905200280,188597.524800897
909428180,187400.600034547
923276250,132631.029439288
528178090,365132.557639196
528106040,405649.675633055
921128050,385590.167547278
905200290,170659.659158065
906475100,205295.894188301
907200230,120838.051204645
528118090,501718.350589919
528106110,482884.161723483
908201110,80016.5202191062
527364030,239238.490816969
923205120,134078.414582116
910226040,160327.064834424
527301245,247166.073795265
906394040,228021.912280593
534152100,187566.939698564
527108040,226840.757632126
907410100,185114.597536144
905227050,141434.346470273
902325160,97745.9705298872
902205090,115756.14624384
526302030,157738.498889181
528142130,256998.656697003
534201230,132963.782145955
907262080,196950.483563223
535403190,154982.922820422
532479070,199474.557825888
528366040,341826.928099117
535305030,121705.671683537
923226180,85926.641811517
535377090,129130.863796922
902327040,120761.312968036
907414040,198748.34469149
907227290,134754.440604213
907192130,217885.261393928
907425030,147076.218359958
905101330,101393.307513361
527356020,273656.468398363
906223040,221032.703937093
534127190,247541.681183122
905107240,181940.777423453
528188120,167758.418587959
903425245,167816.440085062
916253320,279916.14244903
923400110,142933.951581942
921201060,309191.828394985
902301130,113974.842720282
921128020,349330.231731855
527455060,141841.230322184
907251100,252569.430883284
903451090,146330.844456803
907250070,236324.091572906
924152030,224488.568177862
909282060,199197.449377808
533130170,315209.203446595
902401130,141308.351098406
907290170,142915.129965859
903206120,182380.079003334
528120130,390056.206718661
902202090,141814.862536349
528488100,194027.866821454
527302020,197676.326196775
535151020,137539.803381897
535402070,143106.445629881
528275160,261765.558606616
535376010,96288.3398801322
527212030,472282.449806962
906201130,291853.13559702
528166060,457636.59978821
533205110,222277.852349435
902102060,147888.543213002
902105010,103766.883265977
906201030,175056.361086914
535475010,151434.930365923
527451330,100244.269498182
907187060,211771.763890567
907192150,189261.786732019
907202080,137656.273720954
531375050,146740.819342996
533208140,182885.692783634
527455030,141557.39106153
535150070,126819.494105738
527216050,461877.702058106
907290040,201295.241114202
909475230,272731.865122053
533242080,190658.239705729
534276190,108112.616979744
528480060,319771.687988102
905106150,128834.101771988
535403030,129958.943852232
535353060,116408.954178932
534477110,154790.98379585
528358010,252072.19084415
528340030,403589.217686095
527359080,197162.812240717
903454020,78698.8653975779
910204090,54586.7967878404
916386040,153033.474992353
916477060,294014.392423035
902427150,107978.202268153
903225050,102329.471347875
527404120,118857.275493912
903233180,130951.064452432
533253070,195465.272036306
534151175,259711.804650815
909254070,163305.999088471
527356040,160074.85387718
903227140,129429.699404724
531450170,181222.881167436
903425420,118448.733586751
907202140,137495.162191317
532353050,132314.22856803
902105130,80931.8039152814
904352190,128516.94199007
905228050,39908.2093220235
533135020,243407.235767737
528180080,283830.989158758
534479320,139872.209616126
923229040,150941.64930021
532351150,119683.247005287
907252060,248105.54303747
903228040,148552.406537629
528120090,237406.468563504
911370450,269530.192559637
528240080,236655.551867243
902100030,86266.8969039005
528386040,365009.919841179
535150240,113749.136725827
534201300,130291.78334868
903236130,179136.267724802
903451050,109360.662147339
528366050,359091.051131517
534175140,144643.541129313
916460060,222581.002689468
905451320,129326.754553747
535403010,132861.315160978
528326030,305523.799410697
905426010,216238.053652816
909256060,122654.624610096
903457130,110394.767867196
528172150,285762.045531238
535453150,143566.939045159
528118040,417637.265947054
535451230,105583.589057023
907410080,204109.605995038
909277090,153115.758760375
535303150,126336.81573174
908152070,147987.905212823
527182020,168006.551552439
528220040,178258.635228838
902108060,108824.878906477
905402090,177453.369398523
532351060,116041.859815351
535453070,163764.362167061
905108120,157872.533592705
533234020,220053.564135837
907405030,219179.432632264
903234030,120007.061167357
527146030,247591.815792542
903400180,176448.169227503
528104080,445117.821187859
533236090,366423.137913782
528363020,323227.804724355
528235000,175512.176366395
907405140,200524.880584361
535302120,144504.59343283
907192120,210589.406407184
528142060,311145.474665753
923125030,73349.3557051509
527162180,173468.536567076
527359010,172301.00830387
534478140,127269.057073427
907130060,174250.376016894
528186030,276635.441707592
902207110,74768.6110844722
908188110,149795.970278784
907254020,245189.511982402
902402150,87212.4367098174
914476130,161305.347102809
908152035,119172.762526359
905200340,182860.961587125
907126050,152048.015374665
906340100,338929.256210745
923203100,178067.984271049
528228285,167347.825463611
528275110,220106.064972209
527453050,141867.239651086
528218130,212884.940270504
909281080,222963.587970806
528456240,191121.652574051
534127270,168417.991088319
902300020,177455.658852988
907194010,214579.420886043
534202030,143911.1396857
902305010,128978.349126693
533254050,213169.746216645
905100080,164900.978118323
528120030,330293.099942834
905108190,132938.478298778
527354200,187788.019396632
923225440,83280.8953870155
531450030,191542.382049928
535426130,187924.992545757
914476020,129541.798674935
905402060,133764.899345844
535354260,172552.880237649
535354130,136491.96299843
910202030,89301.1959962042
908154195,508673.4293262
528104050,426295.691551897
907227060,141401.248461623
533208040,198630.744736419
532376160,133936.60845591
528322020,369882.979475369
527182170,220447.545431227
908186040,140570.202409315
534176140,163029.286824925
534451110,118900.034056966
528114050,349649.611269706
535351050,165362.403647282
907201060,143654.837915928
527359050,151059.755714014
907285040,252614.170091529
902106040,170223.550919901
527402250,161972.864010767
528344100,327008.580234215
528102080,438975.935349062
532376250,124445.849198172
906340080,351939.240133748
528102090,342113.847343694
907187040,233314.268516695
905402110,131767.087621633
535104120,184875.280375156
535403280,148583.983094668
907412020,190429.033501481
535454100,128752.982968074
534479240,145905.689097304
907180120,210552.017941381
909254130,171487.728672468
908154080,226019.716564138
902134120,100983.629754968
531382110,188083.670629689
528102120,269827.29443208
534250010,144355.451041728
527107030,179987.580190672
907280100,289373.517610527
902104020,135439.35769899
527450460,113324.616973604
906475110,224473.502844912
924100040,215771.857446958
534451080,76712.2822976098
905480210,110166.031727704
528181050,209600.087894717
534200030,118012.728862616
527163080,157982.258385671
528292040,185646.437303438
909279080,175764.47556382
535325280,126041.046464167
906424010,246291.896878864
528427100,255411.730304129
910202070,127111.691056393
527454200,136970.28219837
910203020,146998.108380649
528240150,191541.297830688
528112150,244743.501394067
916380070,332097.104856173
908275110,139607.835959659
535451210,106909.506209601
909176180,141235.168713174
528180070,307454.424554033
902427040,108015.969359016
528181060,225333.973893786
905107310,141915.533769965
906385020,178261.442314466
534430080,141891.830034035
528114040,399065.547906397
528228575,256951.699492218
527451540,104711.218217116
534252060,142559.945330644
905202190,230007.931293636
902401030,149804.373849806
923275140,119052.137089741
528328100,349219.940221171
527357110,139253.350564677
528231020,184173.307858045
904100020,111380.601347706
916176030,153767.455598995
908128100,188364.426236547
914476520,205363.86423625
532353020,128411.013088707
527180040,194472.093726208
906380200,187306.697424375
527162110,191237.151997518
905451410,130231.766696851
527208010,383437.065560917
905352010,196533.657246061
902328040,127983.70747881
905104030,130202.136942177
909178160,145540.039742177
905107070,156550.169298403
535178040,122874.930244946
909452114,207466.012099448
527405180,121527.715680452
907412090,193299.747617463
528435040,309088.463060635
527450280,104053.980500521
923225260,173087.517155189
528439040,232043.57710159
528181080,211231.882200842
528102050,382604.680271892
914474070,230337.996843427
528174060,199215.329050549
909101100,127186.060559572
531375120,160607.896760489
923202134,134732.660561006
528186050,291454.194821536
535150300,228263.260227184
534128050,163137.837615012
533206040,175154.720427879
527252090,326132.805302098
534127210,179348.314053971
909452050,222230.275913918
923225310,109938.842641678
905100030,143232.848314565
903236010,123797.839256003
908102050,106862.530449408
527184110,217044.151008131
532377130,135990.520049682
903201020,128106.194675601
528480160,197815.647325601
528176010,467390.075337984
907200250,150853.399273393
906394010,217129.107076288
907227050,123943.909039808
526302040,144133.288796224
527404030,141387.420690372
531452070,164268.431606722
905453040,164703.884020203
916402115,198804.674500705
903234100,131749.300731525
535125090,212608.622076966
528186010,314587.000577535
906204230,241757.577942492
904101070,219511.820189937
907135230,151117.471414629
527163130,179499.838362849
527326150,223046.556149866
527425060,113534.745138865
908275200,100050.340042011
905352030,212724.58207951
528112010,253748.738116494
907203070,127546.762732519
528228340,200507.963087418
527163040,178028.323636638
908127070,127188.550114269
534403290,213720.754626753
535152010,133768.174969316
909276070,166978.898727378
527276040,160317.416812713
905401060,201804.322931941
911204100,83322.5866826587
534278230,147539.929568849
535302080,126577.93453461
903455030,115240.258006667
903484080,76078.4774465757
535303110,137682.765933531
528186180,215232.897439431
535154050,126583.076480335
906380040,246820.029037879
528174020,197782.644723992
535376060,145708.615152602
532378240,118838.214565098
527450210,103124.332850144
531452100,162887.20742318
531453140,147391.330774609
527182190,220017.641416595
923225240,125760.948907986
533206060,198223.580615025
527145090,194209.441395962
909451100,131372.471629801
534275100,122204.315305292
527353080,178676.538401657
905451050,144072.027012027
527250040,134969.588746581
905403060,117427.577554308
923202060,133768.744176736
907125120,135758.22766393
907125020,144206.566281986
534479300,121718.467559636
906380070,329046.104962448
923275090,128045.282185802
527455270,114159.321656422
916176125,266477.626601623
534427090,124442.148035699
907230240,142049.420352222
533242090,292477.183165991
906392130,178276.810692959
533253060,157758.672566203
528458130,325744.396905563
904302030,160474.066024731
531452140,164969.80756923
903458060,120541.280283831
532376080,116315.648554894
535150280,131619.436247639
907175080,215367.370107223
533252130,211060.751630835
527358060,188127.319561221
909279010,202970.517399619
907130110,175199.109483436
909451130,120329.575906316
527210040,503105.32742383
535175070,147101.071376323
923225390,128384.741811329
911370410,282676.88219233
904302260,106507.177237515
923400125,126444.622739895
535402100,142163.742162269
534403400,176912.866880307
902105050,120379.11032504
916384050,211255.149202107
528480180,255830.065374156
528228550,176914.647906914
907401060,203346.126864943
533210060,162561.522669513
527427200,194873.212823729
528280230,227842.521232066
527256030,364586.735660505
904301070,148069.008350504
902477120,69034.5812558623
534127170,179309.570221057
923225300,91455.3185556834
907131060,173920.783989002
533130160,300798.235837037
532351050,122995.827955326
528138010,354800.113519751
910202100,118815.045556705
903206070,140339.570845463
527452100,136652.111322342
908103280,141447.879137995
923228370,90094.0006792869
535301010,140250.224590466
906402200,305235.420102897
527377110,183657.970197093
528168040,296671.190036783
903231070,123462.141185371
908154235,510932.826234534
908226120,115260.90753342
923225360,101906.012317031
903229040,119749.577873999
909100150,113122.16510486
909256010,142368.402490591
924151040,276790.198657652
534201240,141509.521818601
528102040,393150.551415813
535379100,134371.051043805
902128160,121563.142649496
528458030,218589.992980817
923228270,80681.0269673699
528228545,177123.351235274
905476170,89551.1700005881
527212050,352204.539698198
904301100,126645.550951277
527252070,252351.749811938
906226100,119726.673028458
528429120,353425.314589623
528435030,252021.584905453
534226120,123910.586848222
902134060,102401.479239535
527183060,221419.027272318
906226080,139567.126342485
535453100,131343.170779046
909250040,192609.001160775
903226130,108593.098260196
528118020,317685.24484351
911104060,72706.2031251036
528120020,268589.424780352
907192020,186157.670120834
903401050,136788.936048432
534276040,163663.08167354
528235190,192253.207468382
527375160,189599.564800695
531376030,189389.453907584
923228130,98437.4192748448
528290120,181886.151663359
909101330,44066.6788836078
532479050,136721.60437182
535352080,111050.672008851
533254130,179004.913358955
527127100,359752.039791088
905100020,129120.857528288
533213070,161939.722645674
533206070,233178.330774503
528120010,290193.990975532
526351100,171302.241288484
906380220,215550.355867497
910203090,111010.95954744
527353060,250268.714920931
902402130,113736.178587878
532354150,134660.096391431
921126010,302782.929291929
528222060,181616.723474738
528290060,157241.889642886
535381060,94825.7852849271
528478040,243831.766196679
528441080,276763.23775021
909282030,308041.472856866
528108120,381939.038162483
905426030,178224.02724255
533213140,165497.377717593
902109110,200070.224133929
535325460,196713.393822507
528110070,293431.855604136
905427140,188994.448082691
535425070,192829.159089383
528431020,235230.708231984
528427040,193178.309364599
535354200,153166.658657209
532376040,123312.139869376
905104170,113775.724353559
906201050,161454.664452652
528138030,401897.197034237
534250300,190898.221371453
534478230,149362.727487218
528344070,356131.495323147
907420080,193208.720239002
535177020,126636.706143049
907412040,193746.866893671
527328010,158304.960332731
909279040,109243.398783615
535401080,174470.770234752
909176140,151482.219360662
902305090,79763.6919949145
528228465,175248.671856581
905452040,150200.42035412
916403040,175727.627096331
534176250,138330.464378496
527355060,183173.239405007
528228580,220516.787548735
909276110,160747.210692875
902201110,123366.831268145
902206220,152339.590765191
902328100,140644.534227292
907414080,181312.977343734
528477040,212133.583337561
905401100,209991.838343118
909275250,144929.826769897
527105060,188019.998191644
909428110,162092.352491886
905103060,165170.445031081
908102020,117510.553076486
908178050,241872.103937812
907180050,188231.795981796
905426060,83089.0630300197
527404150,110904.010185195
903476090,116889.191479637
528138060,206510.30755304
903204095,99867.7194699057
531452080,181556.608683121
907275140,294663.627895612
535450190,123545.631535169
528144050,342116.800804944
533212060,161648.687834788
527376090,148429.051125247
527161010,179364.277612444
535180130,114006.417352225
907253130,341812.354107404
907200110,128864.403834741
534177230,209280.794210806
909275160,133122.719858476
903458020,109325.864604139
528102010,382253.404638155
905108090,161988.980269537
909428240,224974.350810087
909254090,161985.378492756
910205120,113559.058524301
907255020,252319.307769956
909250160,102538.062371466
534201250,165523.497939481
908102270,170295.792979039
914476500,190474.988659912
923225200,122999.3008983
535382150,88955.4205928012
533125120,397905.609969573
528118030,431197.006517225
531375130,158596.813677313
903225160,124526.878160992
903235100,74902.4049628024
907265010,201948.720363592
527451110,116528.449690361
905403050,116214.21145397
908127060,136187.354698912
535451040,120148.453789375
535325090,130960.818993188
905376090,157167.684858537
914453045,287037.495030457
923226270,97778.7252332426
907176010,194354.303713756
535402220,179435.198192848
528427010,221711.392231217
528240060,189679.23557895
906426210,243773.040170695
535152130,128073.670922836
905480030,109887.691446355
909100080,115711.893351523
905104110,138771.039926172
902201140,146112.964151871
534403370,170525.501073978
907405130,190372.353618653
907200170,134267.459611161
527353020,186467.268759684
923203190,168981.429665239
531379030,187374.673384472
535327160,126214.784275933
906385010,177385.038233167
527110020,162327.901108377
923228210,82540.8015790329
527145080,198889.344398982
909428170,244179.138346474
906230010,301742.870443795
903484020,133559.514087591
533223080,169806.496486227
902300215,135082.985109052
534129380,128279.487628807
535450210,133332.21405538
906382030,230285.631583464
907420040,172977.945333783
527403120,97520.0091696382
535450070,139862.982708404
904101170,120150.699345739
923228420,90811.4318705818
528221060,180048.647458117
902106010,140376.883324643
923203010,150131.551505394
907260050,224690.846827829
903234050,105390.172788819
532378160,135146.204524573
906226070,113303.528055548
531451290,196216.22275361
906226140,118882.497889453
908103310,134109.591675004
533125140,380732.925972159
902106060,127940.188973087
528292030,268095.862959172
902109010,101851.844481345
533212100,152484.06252185
908130020,130519.382044328
911175410,60289.7957390619
535125010,252019.208315031
535106190,155952.888906274
914465060,268677.030673184
528275070,235498.272407168
916460110,194237.244464168
909103020,97758.181292486
906392120,293789.643745321
909251090,221209.429446815
528427070,224733.835964007
527354040,226811.663171977
528365090,320561.460632149
528172075,244170.551507657
528175010,212587.060505579
534152050,220124.029039147
909428120,236128.028188562
528431120,258637.703234476
911204090,102208.576216242
528186160,214596.084452458
911175430,46217.7387199228
528250070,202483.154648311
528250040,183297.352341834
527401160,128924.172825682
908102040,148208.209867003
528120120,301029.546665529
527359030,163318.650791316
907280170,209549.533286109
527108070,372747.042935355
535477150,105124.171133266
903475060,119034.162936997
528181070,225333.973893786
534450110,65519.9660176185
909276160,275908.010193741
533221110,171563.143153684
535105060,171338.93543434
902103150,127397.510081984
905201120,151130.284354168
527105030,196879.484100203
909277040,180945.821444169
907280040,219458.19141652
923203110,167271.582703241
923228150,94796.9412362848
535152230,162335.494893072
903225140,122354.562613283
907202130,156827.366145296
906412010,390623.14666517
528280180,211582.575566834
533213120,168795.070617742
528315070,275677.573563042
531379050,234404.885202768
905226130,151214.766191495
902103100,118877.11593038
527451450,101455.691746763
906420130,245767.336483077
907412010,192449.020278911
534226060,155163.188200068
527425110,126330.025395694
535379110,133850.238427172
906226130,142031.478878822
907401050,197483.102907488
535402140,176000.032877652
526354020,207555.526036902
534201130,132935.464999834
909250030,91573.5173144464
535457070,134873.562222423
534276290,107283.65282624
909252150,142227.649662321
535180100,140875.543743614
534127140,143503.235100374
908186090,144494.133109294
528110100,394657.920837264
910201020,99383.8313934055
531451030,195159.49447367
535180020,162084.178533693
914467040,245329.985424646
907202050,151512.417417182
528458040,225422.607667802
905378040,131374.401270044
528108140,420778.008470229
535377070,68951.7876985831
528456230,197373.054390222
923276100,133843.338350013
909428340,212015.571039155
527354050,184451.905854143
911128010,113296.828973647
905105040,113298.159868265
908127100,113294.889433608
528150110,338715.878684836
909100110,125132.505414308
906426090,175342.012470677
528218100,172058.524405145
528235090,212923.658652227
905425125,217428.386343579
535353160,114253.293463887
533212020,163416.36640591
916384080,229593.888092361
902109140,121336.181942655
528142010,308945.726706873
531451020,206451.449617551
535402330,194632.517011753
527357020,158565.429494333
902406090,141345.672113562
527226040,170658.130350471
911370490,291950.454293617
910226060,144600.317548117
535354050,130938.499218488
535402270,136354.027133545
902206090,118595.843432271
907131070,194362.398966259
535403150,153257.384304619
905453080,237466.053413392
905452070,102162.196795998
535478110,113790.928989013
535425040,198541.8440059
903226060,160588.247989836
907275150,305032.119891513
903227020,131255.02824023
534129040,200077.983757461
535152280,144214.068454506
903458010,100084.808864095
907255030,297009.606688753
527212060,380337.255501221
531369010,206471.820806602
902205140,106771.278757051
535126100,124239.435315361
906380190,185975.623173632
535477130,150597.81937532
907200340,130659.335428352
908188140,149795.970278784
902105060,121724.710166627
911103060,106740.106556572
527302175,183247.026657307
