"PID","Sale_Price"
908276150,76521.5273754139
903451090,148400.283360104
527110080,178929.865386437
535457010,138008.736611325
903484020,134740.102548933
905479110,119567.781520527
527452310,128343.119673009
528228445,190182.532550705
923225370,103064.400323462
528344040,329756.967826893
532377050,140179.62593192
535176050,145207.880789795
906340100,336639.815232525
533212050,161580.851833258
909428180,189251.484292215
535379110,134606.344060267
534250400,191472.897596373
527450520,108515.876777462
527452150,132894.444492697
903225040,129184.367224456
911370410,287164.158598821
905226080,157893.715362157
914467050,209260.910361238
908152260,147378.482017292
534451170,81888.2059426539
923228310,81882.3114686418
910201180,151578.031891806
534476100,134284.074714566
923225080,122435.307998832
906223210,235500.393654074
905480150,91280.9246866537
903452090,121322.966738367
527208010,377739.471986356
906426090,178901.346612101
903231090,137605.740302745
535152280,146407.106032738
528458180,218811.012644812
532354060,124704.462052062
909279040,109728.320595139
527353060,248847.756136099
916176030,155669.603512945
533110130,282285.097288356
911370450,271931.608616865
528118110,331947.047936864
528228270,197220.731756826
905480240,96452.8657032411
914460020,198329.448302471
534428060,136939.981433622
534252240,165811.615430827
908102050,110944.259521974
914475030,179264.740634951
533221040,172552.551256638
535451170,94025.9565486005
905451340,85556.9770558076
528118040,400159.878352536
903200080,209486.314270378
527162110,189015.764335208
535381040,159752.395200317
528174020,197527.019349552
534400290,168777.768811704
903206070,139190.523620742
533252130,210359.566949347
906382030,233389.554820308
535327200,130166.831711041
535455080,114870.703466366
527354160,185023.443780592
902207120,106168.657316742
909282060,204983.981210383
902109140,125577.298259875
902206270,131252.19011211
533250050,242873.570906828
909452050,225190.749849563
527212060,375075.975855352
906394060,186496.065211573
534401120,159420.025261282
528435010,221176.37467543
528315080,289616.786620141
909275030,158474.412882612
528102010,381110.809231446
907200290,150274.775298923
902300260,122233.201641728
528150110,337954.526167484
535450100,131584.729211505
907285010,232268.616582467
533253210,188443.689909961
527301280,147075.168249459
905478140,138475.86046204
902204080,88496.0293994399
907201280,134052.118865524
905476170,89903.5795118073
923228210,81267.2732068231
534226120,123608.072556606
527301170,215825.225283658
535453040,128763.278161662
535150300,227896.22223878
528363020,317803.281472678
907265100,212614.747863372
910200060,137173.927333777
532376160,131340.612085872
908204180,68812.6328947608
909282130,145795.745778262
528326110,333868.399670471
534176230,158520.292874177
527302210,221307.529632638
526355170,280432.119261084
535305180,140160.222426456
905452150,138320.652374946
902201090,131158.675675151
527452190,142037.73129265
908275280,141037.300169351
527402210,132589.254733404
921126010,306553.952411281
905109130,289426.723783673
535425070,191937.683123191
905200290,165176.753991743
533253060,154443.078319127
535179050,140004.128349367
903476100,92666.5622531929
533135020,242531.30800868
527403120,98042.5426278327
528429080,274725.741978999
528354100,281512.534766263
902427150,109705.581488739
527226040,175737.213943853
924100060,185352.714618783
531452180,201865.918838867
907252050,202358.131421496
903236200,110702.203661643
910201130,120067.966418949
909100080,112080.4403789
535402010,179551.443440966
528186100,329031.755903382
905225020,174475.222958827
905201110,163404.445414983
527158090,175250.749190803
528175010,213199.423925493
902401010,113211.514820224
534251320,154756.652529239
902109120,128108.369026989
528290170,194540.269232989
534252060,141009.897198715
905475510,102221.775825709
527425060,111425.058234931
534201130,132915.800951055
526302110,117598.675226408
903430050,78561.6252518088
902110130,92584.3445337818
534401110,147093.166717294
528231020,183895.598696962
531479020,81584.1426331534
905403060,118810.537341874
916326010,226314.156215541
527365030,233227.520990384
528228295,210292.431677383
527455250,124471.609131166
916403040,178378.036923763
527252090,322793.593416828
908225240,106063.366902904
528228285,165383.981654627
908178050,241751.998520361
916326040,176229.634337945
916380060,264095.649867575
903204010,128673.669701566
528144020,210345.658519843
906204230,242676.260686156
528168030,289064.635002287
531369060,191937.439079656
535451100,103945.208984351
906380010,196581.881693676
527450460,112845.425428739
534277070,115477.781356701
532353050,130359.631477174
527105140,199088.063680664
908102330,115692.574642617
907135230,150921.501399947
908250030,72068.9475910413
902103090,116571.346528795
528458120,256390.872022935
535425060,179166.41732344
527404100,120079.148969197
905475160,124663.09604487
902100010,99336.62361454
534202020,130204.123795626
533251110,298999.611893005
528435050,280374.56450116
914476130,162751.22812461
924100050,144936.607322058
909428280,318754.695787973
906230020,273090.262668694
923230180,133659.71624692
907420090,196718.901365708
534250010,142365.745521263
532353020,128354.597730205
906380180,192290.965008008
531363020,141958.519922054
906230010,290900.365450098
923225300,91720.5468132586
527252050,322126.730033374
923225440,81396.0803075045
907280090,239124.453018135
527183030,204113.225869334
535402220,175879.752445628
532376250,124183.191924382
914474020,208961.918093374
907275090,223996.052996013
528138030,402824.929336446
908154195,483031.570463263
527402240,174642.809327617
903228150,128550.422844086
531451020,203796.172460398
909275250,151059.176073143
903484080,19190.6066904049
534202170,153374.474471447
906225180,202873.63730379
916460110,195304.495298681
528174010,196567.659364535
528228360,202710.809536696
903233140,123793.352944388
535153150,162365.950586118
533212020,160609.080435669
909428170,245832.080418967
534129060,209703.903907654
527163080,159206.199383335
908275290,126926.154955123
903201020,123557.284439866
528431110,288308.074646899
903454060,71380.7877650709
903206120,174595.475913167
527131110,249918.56629856
906203120,270844.255626883
908102140,115428.701242175
527107210,197110.897361074
923204140,147870.414951105
527427200,189857.261774959
528186170,202270.731262241
906226070,109029.51010939
527357110,139222.757147388
534278170,140610.150709564
534427090,120651.420079589
905451390,154490.719055021
534152120,163252.679181139
535179120,116281.426955202
528435060,250908.136688895
534427140,152138.112643016
903429110,147696.051552099
535105110,157892.370529053
528366070,290944.254601954
534129040,196989.308886757
535454070,121221.521073335
903429080,162856.280583417
906226090,139946.042977099
534479130,150829.735073246
527451290,94288.6352454434
527106150,209487.205851344
916253320,273942.465197153
916455010,206652.974021817
907201220,131628.13731274
908188150,147885.202443617
527325090,194854.332577766
906402070,250657.14577435
909101010,133296.775848498
528221100,179607.297432149
528480170,262189.530114487
906475110,224716.520299862
903228080,132800.989759699
528228575,260846.568404901
907227080,124639.852806289
905109170,241075.30297882
528228545,177204.787677337
534275010,131649.295477883
903425340,116638.833273867
902128160,115563.342709129
533215040,262034.012788207
911202100,82046.5603905757
528456230,199391.33409803
535353160,120956.869343566
902100030,85115.2280727077
528174070,195899.990694885
528445070,237333.734991733
902105060,121125.196664583
909101140,141258.023586971
532354160,126987.158294323
528138060,206285.603915339
527107090,183460.371334645
904100090,173731.600224553
528458130,321747.196067053
535477130,150175.971323755
533223010,174919.979592453
528108140,413835.544163114
907202130,154429.363732328
527131030,264533.150053852
527453010,158006.182527122
907280170,211046.790412867
528172030,301618.099986068
905480210,112224.583789254
902402010,140525.954299859
528228555,182888.337289247
902404010,139709.168377009
907253110,229109.759207521
906204150,263906.268066089
910201050,129728.516535759
528174030,191801.392151304
532476050,276101.32726397
907265030,228507.373005068
902109160,111846.801330907
903231240,91389.4024726781
902103150,129467.461302331
528174040,204096.81786259
916125425,234433.927223383
531478010,114192.667324682
916403250,237394.804345568
923252080,123557.553548977
534175140,143552.328369973
902201120,99182.5516330839
534276190,106743.623416025
906392090,258460.794510036
916402015,185409.519661276
905103110,125129.041961369
907203090,117534.384318655
903205085,106165.310228994
528110080,323211.825302761
903225140,125232.401925072
903458110,101992.630759659
535325350,128868.836586618
528439010,230120.165415992
535355100,115327.826394617
905100060,129455.869235455
903231080,111285.636672202
902300110,106106.258882791
527451460,109717.450743168
535475010,150375.403987451
528174050,200095.891756132
527450250,103908.077549365
905351089,179670.420290551
535175050,146241.974104242
923226270,94690.8020845817
908226120,118248.309289395
531375130,157181.533457803
905401020,259561.242310634
527356050,144926.930484018
534478140,121957.624879882
531375120,160785.652934581
908201100,83596.1850480199
535383060,53220.4338101462
534250370,292771.948762448
528116010,338932.663783763
921126030,262389.130891625
531375100,170586.668977642
535150210,132395.434489082
535327160,126092.687277795
528228440,187315.617750048
528120170,309101.152646365
527325110,187196.377425223
528108010,245109.316219653
909251170,159631.260508225
528250020,193436.804839477
527105060,185699.54614399
534426110,135987.766937903
534201250,162987.027365257
907200170,134429.117042885
908102170,147082.202945534
535126100,135763.412368342
533251130,203869.661611884
532354090,155616.538819306
905427070,216253.910750173
528250010,172915.149398534
905101490,134295.66284927
527107010,185797.758797452
534204120,145050.303843929
528480100,195018.501643329
535376010,96086.3643359975
908102260,147234.657280957
534104100,206579.071737652
909250220,138338.688323026
923252075,134018.51557087
528480040,252923.85067125
903206160,151905.491109921
527106050,170123.457545958
910226060,143987.179405512
902207080,125002.916155889
535376100,98186.2522379976
535450160,90303.9348233725
908186070,149809.875759113
528385050,253815.323280654
903200050,82033.8161634485
903232030,88143.1354914473
527163100,183648.773653284
907255020,245180.644936985
528488120,191669.536582087
527328050,163246.613127619
907192090,210365.156192347
907135170,145399.562866214
905201090,163397.950388868
905107240,182751.927441338
907126030,156527.867435557
902128150,158522.519621829
527132090,222517.851065801
534402060,146684.178595266
531477040,146746.409408392
903430060,127547.913679369
907254050,199843.840696892
902110080,132938.323039242
534451130,90967.5700449037
528363110,342996.554449849
903430040,83692.8168331142
902306120,127396.724762951
528290060,157036.536359896
907202220,145597.042149204
907192120,212324.958356268
924100040,216851.912681432
527368010,234450.083793712
1007100110,131214.220980555
902405100,146354.260163833
527216050,443193.675358311
527378140,171573.142739096
528228430,197362.07463221
526353030,270924.586782879
528429110,260171.127444014
916455120,242745.883708626
535353130,110584.154296623
910205130,137552.13511027
535477090,117898.83884621
907251100,251071.514531607
527146135,293993.295661994
902328100,132314.627768155
535180120,128101.844749584
528315090,319558.413390422
532353030,145506.017227955
533130160,300657.352755812
531382070,242218.691877898
909455060,148449.400564104
909452114,213764.034446801
909276200,152851.159001822
527451540,105083.79903955
527455080,146045.620560033
528228550,176900.901117189
903236130,173444.308662352
527453070,135370.62568604
535454030,86187.8277536234
907131060,176208.678148563
535425010,233912.644905517
534176250,138288.346364775
923203090,162396.648972319
923400040,174153.810902767
535452120,143791.06260084
908128100,185099.017564265
905402090,181510.184789797
907290180,142631.694749493
527210060,381134.762850405
534200030,117834.908037303
535377150,104836.619820084
902206020,70576.4313083865
532477040,282591.791156953
535301160,133829.00114156
908226130,86041.2428773268
909101180,121217.032430535
914478020,140178.409108151
914476010,173866.988082073
534430050,118134.549392495
907275140,291638.763952197
527357020,155821.610141419
910203290,108907.106676037
528480180,258447.992552234
916455150,289008.32823447
911104060,65284.8981288475
906380140,188292.338957871
535101020,172509.015322235
535125070,227612.594187773
909101100,129373.6545189
908128060,177297.982173698
535477150,101252.165177093
905477010,100428.007530976
907202050,152139.222025807
535454100,128869.585248318
535457040,131389.408163623
528315030,316643.194385367
533236040,171363.430838072
907420080,193436.658738832
535478010,128702.776028263
906420130,241888.68399084
534128100,159449.067440971
528429050,242887.825683341
528275080,202147.236801251
903426180,124165.201925717
534430080,142313.668064634
534400030,147386.892105799
534475100,120813.667189891
527108090,247264.649098453
910202050,67520.4987650755
535378020,102454.62138697
528235130,197651.660172394
907290070,170991.098140251
909129100,117510.537363512
906223080,223419.808366651
906425045,143712.749055305
905452120,132530.433211806
906226100,118255.045522529
527162130,192284.581267098
528222020,183289.877681836
908229020,89130.5663995656
531363050,140235.345960327
528482090,301641.521543118
903231060,37861.7731584285
923227080,168800.783757322
914476430,164382.584960134
528178090,357813.919003978
534178010,132556.999747405
528431020,239165.834622354
531384070,198108.055124993
911370530,275107.564505426
905401100,210757.428061098
909175080,50693.4400267585
528386040,352221.387823639
533215030,240132.145343978
527302080,244219.242061706
526301100,207942.25425449
906477110,153475.679675819
528142020,265819.365248767
903430070,74077.7735215983
527256120,463727.259670986
905451330,161595.924460358
528354060,253150.80170454
923229110,179782.73089981
528222090,182732.171041886
907290040,200372.948508264
534451050,108074.236796525
908152270,149201.668168328
526302030,155403.298841143
535382150,88818.6719729306
535180020,160882.890079839
907401080,208815.557609865
902302150,134463.192865074
535325320,126731.699820438
903233050,127506.396750582
916403020,193262.72155759
905107320,139870.413134158
528186130,346798.202180867
907181120,189414.144259682
907275030,218084.539412923
903456110,205582.961239862
906380110,227659.782295878
909425010,238422.856529353
914453045,283134.020494773
906394040,226053.802997571
904100100,209677.26173921
903233180,130970.171520254
905200350,157725.401998502
902205090,115732.823500509
528235170,214271.795743724
535151100,126406.110798996
528292040,184703.097199032
906203140,260454.124340555
910205020,95156.6529879187
533250130,253447.699248473
903225160,120985.224715062
907295040,233530.556680369
528110100,382733.805281488
532376110,127480.33520364
528290140,192206.055226994
535401140,144531.066445105
905226050,151097.471103366
534478230,149764.168740705
535451190,114517.983392398
905476160,106310.892934919
907290140,142803.366036445
909277100,145137.820558735
904101070,211297.349065534
534427040,149273.670060843
528240020,193091.453997002
916455050,199757.40274863
903232090,148999.174975778
903226130,110130.655391571
528250070,202264.413149582
528218080,177574.478868922
528431080,218142.681815626
528431120,260779.262375963
528228375,239783.827156223
906385020,175253.608788204
908103320,129346.689690391
527105050,183314.419682744
534275170,135126.61518243
907202190,133126.132547978
534128190,227770.370843111
923227030,154261.173239358
905426100,186545.571714931
906201022,186974.218299373
905103140,160843.148719423
909251040,154051.134843571
916125360,162145.549084513
921205070,295361.99582363
906340120,276973.533823277
905427030,281339.432657971
907187080,187503.449176273
528231030,193063.802338498
911370430,323748.067045256
923203100,175007.983806993
528366040,326906.100834425
902477130,39988.2452816629
905101310,123756.11075356
528275070,232803.577363077
531380080,237808.992190057
903236010,122020.18892739
527163130,178860.182240835
909250030,106587.945648356
527105070,190658.281989824
907131120,192039.045227427
911175440,73717.4032458969
535402120,168351.305434122
908250090,100875.365814611
527107130,175301.319208951
535476360,205691.578370424
535452090,127237.408843679
535456100,109847.290685521
903401070,137142.55997585
908154235,487344.813094513
909275080,173741.407430645
528458070,219084.638569908
906380100,284337.186773205
535404080,119154.164706562
902102080,117384.442410128
533254130,177874.440530716
528439040,237808.519899585
528290120,180914.359675193
905202190,235870.146296203
902329080,140108.586204828
905226130,155016.909055173
916382100,384661.527757939
903430090,128445.795283205
903230100,108697.856418152
916386020,180825.934392163
906223110,225744.630391537
910226040,157261.467774955
535125090,213421.272316457
528108040,403383.971413042
903481120,121499.459000864
908152080,131821.644471831
531375090,130239.506517918
533350050,325524.001105263
528456190,214597.662857622
527402060,152499.972555305
906402200,307614.884280921
903454090,131800.385422974
533352075,209732.596385447
528172060,237956.267325196
904100040,132488.43238616
533130130,307828.291828869
923230040,163484.319892704
903235020,92890.1657961269
902406020,116732.384324327
903226170,130825.617116084
907175060,210740.430504915
528490080,202016.508925222
923251160,110359.123644142
527452100,136018.281014896
906204180,224213.998912346
527162180,170262.877166771
528118050,482395.611022718
905107220,164365.947884494
527212050,347467.137292981
906402060,239769.577338956
902206220,155765.324157139
528220040,178605.968717155
535402230,141502.439594978
905426010,223206.006523796
905352030,211570.151387736
906392070,187408.786099725
909275040,131629.598581553
909425130,203485.662631892
909101060,68910.7412585134
905104240,130900.922568012
909475040,353108.726634699
527105130,285139.758815768
907200230,119904.72767574
528102110,460025.054692773
531475220,156131.215056475
907280040,219365.903208339
527276150,115387.80119565
908225180,100756.658938342
534431050,221421.050570689
909250060,195977.843746089
907410050,200910.711883045
534128020,209014.233806577
527358140,211315.924847227
909475230,280778.554361283
914476330,195290.261642844
905101450,141872.093943347
923252100,128495.321117413
533242080,190476.449767092
923228370,90862.5562890741
909100150,115254.537117829
534425080,187040.614187691
909428120,237645.51263901
527108030,238167.705610734
923205015,172529.2433697
533208080,158167.404755167
526354020,204993.632295386
905101200,102728.243026965
905200260,153339.291194652
528228565,200260.877902455
534176140,162403.212216727
903231190,113635.233573872
910203020,104442.042516511
902400090,98313.574387534
528222010,279924.745962202
528102030,346526.342060728
909179020,196164.555111993
903427120,139437.405550851
907412040,191098.345682075
535353050,147066.868790495
904301410,97196.7048268248
910200040,117766.472546876
905301050,261949.444097196
903457130,113733.016719242
909250230,169127.879084697
907194110,192551.484625853
527302110,226634.323103121
921205030,354747.447025274
528166120,420053.975465678
527146030,249107.583327923
535426350,151496.728937639
902206130,126979.533315916
907131190,194497.118086937
909254140,110926.457705779
905101100,94544.5235734835
528376010,316145.560756601
902329030,189837.892472775
535304170,129506.468946204
907420050,185475.755543428
535380130,118369.152028086
528429060,250062.947786389
528240040,166279.044530494
909428110,165031.768092242
909275110,198272.225669239
534276010,117200.141888752
535425040,194748.625086319
902300215,135512.719501037
916460070,195617.609303416
528429100,305820.798603528
903206170,164455.629023064
907187040,229947.483127599
923227100,154405.547344395
903453080,204071.865995889
923225260,166883.052361956
533212130,143731.019419632
907180120,214735.212791904
902306130,151739.14235623
527254070,344907.059248467
904351040,84485.8739353914
528390210,242685.466555638
909428190,219143.514875322
528363130,344340.87776343
904351280,124695.641851911
907262030,203039.251713489
923400025,162476.411557915
907295020,221481.111991515
914452090,173515.88917756
535152010,131540.867549004
909251030,134785.980508465
908228040,118034.30056487
528102090,341325.250615779
905478030,143016.959464749
535402180,112683.36413931
923202220,156656.930105972
535126010,198223.300947555
528482130,232070.490434052
909280030,228195.54460384
906380050,215595.964021508
909252110,172545.709009128
906380190,184141.796788643
534175100,166298.932926561
532476080,268164.716946346
903476090,111254.820283583
535452140,112516.850925872
527455030,137954.405389006
531452260,170564.193340841
531380110,193992.65503307
527110120,177971.240615743
535383110,100472.994433999
908152180,148527.159979104
908186080,138056.086657977
902106010,139136.470709464
527182020,167175.166484367
535403030,130732.32721616
923201020,144086.576962725
902110120,123018.299006115
533215020,277591.217866211
906225210,160336.554732206
533208090,179172.353759218
534400050,162943.085910308
534276290,107498.946592322
528445020,218520.90342136
534403410,164285.773429499
533238045,279944.195032655
908276230,114451.52703849
908203100,96147.6167933409
531451280,201009.937196837
907180050,189688.349863963
534403050,145796.366789071
907410080,204986.875962751
527106010,221223.963425829
904302260,103961.515318912
528290190,160542.425318145
911370500,297181.178393066
528292060,232632.600855787
535457020,162021.180640707
907227060,149332.172558407
923275010,160576.531809596
528477020,254091.380332586
923204150,135034.87575984
528106120,254164.255288677
532479050,136789.874868003
905200100,134957.17706889
528176010,450120.799399756
906394050,182669.489634377
914478045,151210.739783122
902125080,101336.544140317
528102100,274251.652294381
527212030,461786.264188893
914452060,154189.190719035
902330040,176351.850518906
531453140,147739.436316753
907227030,137894.29255331
534250335,168746.093713604
534430090,128725.722026422
527108040,224196.61295369
909254070,169791.321700788
531363080,144596.565626328
903201080,170981.941807678
916382110,330011.759920517
534429030,100227.789987894
903475100,119940.728553638
534426040,149241.574488185
902328040,128598.103241379
528174080,210105.166773986
902400110,306607.206884817
923226150,158997.05818241
909277090,154468.85747351
907250050,277177.245152941
527254020,330500.365821808
909276010,199979.805382907
535455060,117137.219073769
903226060,161300.88436071
535325460,195257.266653125
533252020,169953.270432013
902103170,95069.3364313563
905105040,112993.867970069
908128110,179194.411231926
907202080,134887.444566082
534127230,173488.450257185
905102060,134817.350527596
528482010,258104.360530067
534430110,137780.614647639
533352150,158615.76020246
916386140,219206.677062844
908188140,144554.828263996
531451030,190461.089099036
905200490,130165.424044601
535302200,119422.959513472
907414080,177881.178498023
533241010,194252.281388593
909256060,135586.566850369
527250040,129438.691793514
527165010,190284.748886696
902300020,168850.682309444
528222080,178836.431665339
907196020,220191.255863882
531371050,182172.92564795
534276160,124972.34344994
535150280,131402.407180848
528315070,273475.544919082
907412090,195457.588435534
909254050,199793.917569795
923229100,204845.018769345
528250030,206207.107091331
527353080,177673.735754634
908152110,155413.293889228
528429090,325709.29416462
533210060,162434.298113891
527225035,204151.450142735
