"PID","Sale_Price"
910251050,70316.7064187634
903451090,143189.254599605
527110080,179036.593543171
535457010,135697.435216686
903484020,136459.989788051
905479110,119421.715595097
527452310,137111.320244824
528228445,183367.117562071
923225370,98429.3345893311
528344040,345385.221461427
532377050,139263.735770603
535176050,137933.901769291
906340100,335023.598983099
533212050,157046.511903254
909428180,199885.052278918
535379110,140200.542696752
534250400,175426.928744513
527450520,101210.776556982
527452150,143685.263456337
903225040,125547.615083215
911370410,275660.43712176
905226080,153055.621135221
914467050,209104.692044433
908152260,148769.781036666
534451170,84283.0546602384
923228310,84292.7006423199
910201180,157182.263271107
534476100,131954.650391631
923225080,123134.921672121
906223210,230455.185359613
905480150,69893.5667869728
903452090,120271.26319628
527208010,354544.874520215
906426090,180188.012004495
903231090,126608.584040422
535152280,142333.839145384
528458180,226146.757701697
532354060,125608.932598521
909279040,110970.073809327
527353060,244474.21444285
916176030,149256.792067301
533110130,265500.060110589
911370450,252895.833070465
528118110,299073.372087789
528228270,189274.618336714
905480240,95643.3914680738
914460020,198953.547119604
534428060,148182.433919547
534252240,160759.723734624
908102050,113960.387157107
914475030,167482.008129742
533221040,168522.469719974
535451170,95383.7883837858
905451340,92965.1998454772
528118040,440848.738906019
903200080,206376.660880182
527162110,191745.310680758
535381040,175135.733820284
528174020,197300.633327472
534400290,165271.618710305
903206070,145509.086317453
533252130,203302.104040367
906382030,231604.188707457
535327200,133703.892123163
535455080,100452.170844197
527354160,171395.039087633
902207120,101382.828522649
909282060,212907.453919526
902109140,121706.972124583
902206270,131697.931564283
533250050,252861.105497528
909452050,233280.927336616
527212060,347008.941750891
906394060,196989.28538051
534401120,154531.539831257
528435010,213739.730940588
528315080,285191.438264281
909275030,141504.989331531
528102010,381347.085592323
907200290,151036.924242221
902300260,117891.814814466
528150110,382568.094610001
535450100,133094.004576203
907285010,226511.318460925
533253210,188758.173522561
527301280,156335.067460443
905478140,137641.001575005
902204080,93509.1981491335
907201280,143568.836048496
905476170,87453.2391652905
923228210,85635.2247964715
534226120,125747.366291388
527301170,208263.847083218
535453040,133803.131689479
535150300,254029.98642534
528363020,309284.660903213
907265100,213093.727045198
910200060,135381.780869034
532376160,126517.576275294
908204180,82170.4648839126
909282130,151479.919582247
528326110,311147.592229492
534176230,160975.886133007
527302210,214363.773206114
526355170,280390.255978505
535305180,138602.577073293
905452150,128354.263091586
902201090,137719.257566955
527452190,141527.25777973
908275280,144346.987997997
527402210,133491.119956027
921126010,313220.323945684
905109130,308388.996556606
535425070,173839.284226964
905200290,152765.280124425
533253060,142124.817238248
535179050,146977.117211446
903476100,85048.3363359638
533135020,236261.155155009
527403120,105565.22765294
528429080,262208.266863787
528354100,263930.569400508
902427150,111013.578180875
527226040,159837.902921845
924100060,184781.316052755
531452180,205063.565745756
907252050,220281.365454137
903236200,113964.734483798
910201130,119639.328532638
909100080,124032.410725885
535402010,178118.312460221
528186100,339914.123913295
905225020,197900.835750214
905201110,166881.09166478
527158090,177967.025373296
528175010,227926.100184171
902401010,118363.840628109
534251320,163285.870671573
902109120,127788.762697446
528290170,195392.936310438
534252060,146944.321488308
905475510,106548.539914471
527425060,101453.434022717
534201130,137423.929866787
526302110,110699.481225184
903430050,74454.975595459
902110130,105522.348879076
534401110,146686.275790395
528231020,181730.142022474
531479020,67610.5347066436
905403060,106735.773037907
916326010,209535.079078161
527365030,231518.946660989
528228295,199743.277402891
527455250,124562.874045136
916403040,188974.674202172
527252090,288747.806629838
908225240,106706.15591863
528228285,170306.46751886
908178050,249431.351149329
916326040,166430.66892265
916380060,262356.595146564
903204010,136973.30767224
528144020,216801.494509225
906204230,251635.680933229
528168030,287005.303543286
531369060,191359.676089693
535451100,101279.137292665
906380010,194713.787536366
527450460,101765.168093601
534277070,119209.95534927
532353050,137807.677300384
527105140,194183.427626432
908102330,107984.877723062
907135230,149929.590511028
908250030,77770.7274681196
902103090,120436.19953366
528458120,246413.033341371
535425060,171266.938226227
527404100,126808.813943203
905475160,127670.482806594
902100010,115661.206459445
534202020,133594.915535922
533251110,295851.058908892
528435050,283192.895096603
914476130,151518.351484022
924100050,141282.362730407
909428280,313057.270643435
906230020,270033.397886976
923230180,130620.720407372
907420090,186058.733197488
534250010,136102.448304598
532353020,125655.180055257
906380180,192020.533330543
531363020,135450.743235494
906230010,277105.111171116
923225300,91886.9419966597
527252050,298161.210794021
923225440,85832.435019247
907280090,247393.745531007
527183030,189026.765045015
535402220,178956.533169088
532376250,126034.667424154
914474020,202482.275017601
907275090,219238.709380334
528138030,356290.817248823
908154195,271745.672305429
527402240,152249.977452301
903228150,122090.60255882
531451020,197393.606536323
909275250,150960.458346222
903484080,90385.3592278403
534202170,144361.167675965
906225180,188119.666783211
916460110,191844.26486041
528174010,187143.37582235
528228360,217722.484592338
903233140,130613.246443631
535153150,163426.080221359
533212020,154091.229020268
909428170,228717.383199273
534129060,207897.921245212
527163080,165800.790544667
908275290,123670.391878693
903201020,136027.575801343
528431110,323077.954456349
903454060,71189.2182456448
903206120,187014.027016802
527131110,229177.646641227
906203120,323991.560891066
908102140,120760.071284688
527107210,193723.596193366
923204140,129947.047117288
527427200,189852.758792079
528186170,212852.43600498
906226070,115133.949651503
527357110,139957.94336036
534278170,139595.36374336
534427090,128000.013985139
905451390,153616.129630446
534152120,165506.948118208
535179120,120359.040417054
528435060,254978.269121898
534427140,150089.961283165
903429110,132965.361456327
535105110,165463.705683408
528366070,275842.417236394
534129040,185519.744637382
535454070,122578.738451956
903429080,159524.502834456
906226090,138498.853255158
534479130,141757.975950005
527451290,97647.6122028857
527106150,197861.394495671
916253320,250810.311628847
916455010,201746.736437053
907201220,139657.149042575
908188150,139498.878930682
527325090,196146.832849176
906402070,243732.994655543
909101010,139028.326034024
528221100,172542.393859784
528480170,261935.092272883
906475110,205013.116477663
903228080,135962.209605089
528228575,282626.038149165
907227080,126751.504034968
905109170,259786.424335495
528228545,175578.903077026
534275010,140894.179703436
903425340,123825.936215718
902128160,126613.896859502
533215040,266358.020967782
911202100,64525.375419584
528456230,209177.292714734
535353160,118623.298337261
902100030,82938.6294278988
528174070,198241.413972619
528445070,237143.107590841
902105060,121444.939088058
909101140,140786.055648374
532354160,127462.44961789
528138060,202892.065681101
527107090,186821.863999996
904100090,154442.552315571
528458130,327595.968116087
535477130,154475.990287114
533223010,164332.075202987
528108140,401945.892003377
907202130,156618.600464425
527131030,255574.966648408
527453010,157834.632017126
907280170,210165.083541157
528172030,288129.160103109
905480210,98566.2915560387
902402010,141291.525168023
528228555,172815.102702748
902404010,128937.02080711
907253110,233639.385643983
906204150,253489.833012868
910201050,130899.555281934
528174030,193912.317009078
532476050,331502.45532757
907265030,241069.689593961
902109160,112691.80213494
903231240,103848.141059037
902103150,126378.41519174
528174040,198982.199452686
916125425,237912.382796073
531478010,112532.212925209
916403250,211193.386864085
923252080,119446.43215731
534175140,139487.704312448
902201120,96649.7074118929
534276190,111387.613187588
906392090,274630.783463088
916402015,180071.026494339
905103110,126373.594329743
907203090,113356.746533121
903205085,116004.094609381
528110080,357413.875349357
903225140,125266.202641267
903458110,95742.591022678
535325350,131209.764092236
528439010,227710.139496377
535355100,116545.116697877
905100060,132769.084514097
903231080,113102.012499898
902300110,103149.122082312
527451460,104280.544326668
535475010,136022.646302461
528174050,198049.424331326
527450250,104627.603250662
905351089,182971.982291705
535175050,137954.818854221
923226270,98549.9368885322
908226120,113902.692105674
531375130,158211.538936048
905401020,291292.091834136
527356050,143764.076707094
534478140,131361.636285162
531375120,163625.228623466
908201100,86760.5915809323
535383060,56529.4647148358
534250370,284708.811062799
528116010,324344.611044401
921126030,266522.676024098
531375100,166201.000028787
535150210,136627.320124298
535327160,130383.008984785
528228440,187981.037903875
528120170,301161.870628006
527325110,186117.119930865
528108010,254576.874791097
909251170,149145.948540345
528250020,187537.3246826
527105060,193015.640703235
534426110,144312.026588739
534201250,172443.363641512
907200170,138736.012616069
908102170,150714.618944517
535126100,140131.032991985
533251130,203149.574583246
532354090,153543.482933883
905427070,232287.034381676
528250010,174610.236039618
905101490,131429.428206175
527107010,178622.169407482
534204120,148511.503923268
528480100,195449.96504606
535376010,100814.462523745
908102260,150632.713591297
534104100,202524.375661489
909250220,174042.158866796
923252075,134775.678538877
528480040,245901.270343048
903206160,170069.666038215
527106050,170025.069341507
910226060,137151.992494444
902207080,128402.256062213
535376100,106958.724636677
535450160,96036.4111424597
908186070,144936.824054783
528385050,236854.028753341
903200050,85807.3088476625
903232030,91735.7291702069
527163100,182863.826948115
907255020,252868.822323819
528488120,193095.361229673
527328050,161287.676868876
907192090,211204.464688597
907135170,142528.07994489
905201090,161938.705689701
905107240,168322.176548858
907126030,149576.978312785
902128150,134573.905792871
527132090,200774.193872147
534402060,144219.846170643
531477040,137786.651121804
903430060,117681.981795358
907254050,202075.8173008
902110080,128350.958113706
534451130,85832.1075951164
528363110,351130.514333765
903430040,76819.3826089562
902306120,129674.322171188
528290060,161006.439227182
907202220,133016.854518507
907192120,200513.576679569
924100040,212533.369124761
527368010,232920.797673009
1007100110,124042.938673351
902405100,135237.770615629
527216050,392919.132650879
527378140,166757.477755736
528228430,215369.072533625
526353030,274494.363119935
528429110,246159.835906812
916455120,237163.688797375
535353130,116294.086141368
910205130,141000.10082055
535477090,124594.952126598
907251100,242393.407745024
527146135,290183.017424407
902328100,144774.641616329
535180120,133763.962808337
528315090,343342.511187811
532353030,137484.491852174
533130160,257972.309000091
531382070,244567.258507063
909455060,153448.478958535
909452114,208274.572617017
909276200,146380.932344585
527451540,103291.168673378
527455080,145362.343522147
528228550,171681.651704379
903236130,175658.289991603
527453070,136707.998376155
535454030,89477.1144243533
907131060,167074.093239793
535425010,205256.090900113
534176250,136816.252387442
923203090,157335.986597049
923400040,168184.342436861
535452120,145788.278060882
908128100,187591.702821887
905402090,170085.39929995
907290180,141200.331501411
527210060,343449.599762441
534200030,116907.459305706
535377150,109948.053288973
902206020,57320.2074259376
532477040,271299.252951825
535301160,121489.769282089
908226130,85054.0952283267
909101180,106843.82812285
914478020,131161.347182584
914476010,167274.975090706
534430050,124194.095410366
907275140,265574.258248953
527357020,162879.01085049
910203290,108184.74534338
528480180,261857.415753106
916455150,292310.887007382
911104060,59553.1302145717
906380140,182300.014892387
535101020,168589.01909482
535125070,214481.354546082
909101100,136514.658858723
908128060,182073.275446455
535477150,107765.028427511
905477010,94130.9492727204
907202050,148903.206076504
535454100,128228.000009966
535457040,133876.652136069
528315030,324879.864981511
533236040,161553.227689593
907420080,178731.736360287
535478010,138467.685222128
906420130,235257.481594172
534128100,161925.887943893
528429050,235232.579061269
528275080,200115.078573927
903426180,126935.979621089
534430080,138156.917433395
534400030,147881.732559913
534475100,125991.163972778
527108090,240035.973972021
910202050,63789.9945095024
535378020,116164.840821568
528235130,189594.384369677
907290070,171862.666927385
909129100,129754.978174365
906223080,234360.637550119
906425045,139626.386133466
905452120,133959.794188222
906226100,117458.967341661
527162130,196299.158966356
528222020,175289.127566759
908229020,91090.3511286455
531363050,141019.062108007
528482090,268264.363113699
903231060,43660.677511717
923227080,148971.526228657
914476430,152372.427648409
528178090,402160.995130343
534178010,138662.336088761
528431020,245756.151660481
531384070,195550.085124315
911370530,256451.475901537
905401100,183298.405542678
909175080,52689.445972826
528386040,419757.531669349
533215030,233071.895457158
527302080,229615.185449096
526301100,187768.361622132
906477110,147597.264904937
528142020,252390.102048746
903430070,104477.242164513
527256120,435198.990450883
905451330,160817.226173613
528354060,242558.977953893
923229110,164174.334643747
528222090,181520.556214629
907290040,202565.712330709
534451050,109606.967053538
908152270,154300.484878464
526302030,149254.08758679
535382150,82809.3285454461
535180020,151699.372480737
907401080,219801.653262398
902302150,123771.744944014
535325320,135138.240266387
903233050,133625.369049897
916403020,183405.943369271
905107320,142377.554177928
528186130,363573.821413539
907181120,192371.354763388
907275030,219170.768153824
903456110,188278.507136292
906380110,233220.422248584
909425010,235868.080425633
914453045,297756.005153718
906394040,220424.684352992
904100100,214810.310945723
903233180,134134.29197185
905200350,147068.535362969
902205090,112937.426355387
528235170,217416.643637847
535151100,137342.305187506
528292040,183882.840989361
906203140,271065.460803775
910205020,86557.1213445398
533250130,288925.47579994
903225160,107015.862014261
907295040,227169.616054442
528110100,396188.57503664
532376110,137310.480776738
528290140,194077.158948182
535401140,138499.381587363
905226050,162893.923551944
534478230,145976.513204454
535451190,107344.482910144
905476160,114091.858378224
907290140,138535.577141266
909277100,130761.809367528
904101070,235895.749832073
534427040,148691.48503567
528240020,192305.137239698
916455050,207964.946261997
903232090,146503.971392309
903226130,117877.087352582
528250070,206416.618420425
528218080,174632.218234473
528431080,227981.318157733
528431120,270018.719422716
528228375,248634.55164299
906385020,193268.355607699
908103320,124385.999045855
527105050,182253.253938113
534275170,139832.400387891
907202190,134820.415133906
534128190,228536.631609245
923227030,145651.115537496
905426100,188304.724192416
906201022,197608.327338755
905103140,159693.309158701
909251040,149265.902256944
916125360,176503.280541701
921205070,284287.995649177
906340120,279714.013473832
905427030,390946.346099521
907187080,178534.632313171
528231030,186782.136935913
911370430,317885.327542423
923203100,179267.757388019
528366040,322646.578982961
902477130,45148.1154977336
905101310,131918.538748407
528275070,232547.473534227
531380080,229038.24724086
903236010,123944.673171062
527163130,182127.285062109
909250030,120787.023084008
527105070,194680.736891882
907131120,199649.007089078
911175440,76728.3003720824
535402120,159059.953494701
908250090,114066.726850812
527107130,189835.015966619
535476360,192852.252132278
535452090,128338.473409691
535456100,107899.024544561
903401070,140969.176532024
908154235,275165.071678753
909275080,194802.755060255
528458070,213761.746588253
906380100,259488.797483327
535404080,119393.360495578
902102080,118514.858187832
533254130,177950.223630921
528439040,232373.888877582
528290120,192656.662375388
905202190,238379.555515511
902329080,119686.916424613
905226130,144331.433254435
916382100,416281.682560882
903430090,130581.611400693
903230100,111912.227660768
916386020,193430.436476581
906223110,224759.524846764
910226040,139024.215874723
535125090,193933.030185254
528108040,412465.874331537
903481120,124157.26580871
908152080,131310.909213589
531375090,133194.823839499
533350050,321236.098346287
528456190,209739.603102099
527402060,151378.973938473
906402200,370287.082398468
903454090,130341.112151333
533352075,191038.390253305
528172060,252608.509542411
904100040,132440.410614942
533130130,295810.432738417
923230040,139383.583958477
903235020,88577.9961943523
902406020,114252.678779234
903226170,123332.01037
907175060,207922.309505254
528490080,203191.426416545
923251160,121337.738110506
527452100,136253.226553484
906204180,245503.160932724
527162180,171054.900180715
528118050,466555.848801746
905107220,166194.660084709
527212050,300592.01071747
906402060,244961.747719785
902206220,157783.161601791
528220040,177335.253902714
535402230,141038.83297369
905426010,236484.097994013
905352030,196097.829199979
906392070,197661.10150077
909275040,144460.877736357
909425130,187713.75325601
909101060,62384.1879127881
905104240,133677.755134755
909475040,344832.297694273
527105130,272689.342242563
907200230,124359.904562197
528102110,410391.424162666
531475220,141966.458346398
907280040,234465.48424099
527276150,114518.085874517
908225180,87581.9395155205
534431050,195492.281430186
909250060,192833.309483956
907410050,201319.482776032
534128020,212033.117686897
527358140,214316.145556491
909475230,307562.207845519
914476330,187867.950867381
905101450,140322.936766148
923252100,130107.756012948
533242080,181587.735902002
923228370,91921.6501158669
909100150,109500.294529847
534425080,182164.979717134
909428120,211867.167809819
527108030,238304.0917582
923205015,160383.017239125
533208080,158130.083480111
526354020,199127.611946378
905101200,111429.049620185
905200260,152457.459863322
528228565,206215.531411117
534176140,157739.981545449
903231190,107554.75526809
910203020,88519.1369904011
902400090,98463.5090289317
528222010,268742.948547551
528102030,376187.131080524
909179020,230569.059105424
903427120,151199.344630553
907412040,186392.085286236
535353050,150813.970945742
904301410,105855.973559733
910200040,114460.872581568
905301050,286187.804657086
903457130,112688.470574589
909250230,171643.016154227
907194110,192759.763442801
527302110,222303.545585487
921205030,380257.2394489
528166120,427815.723893901
527146030,239995.230356792
535426350,146280.036523915
902206130,114160.535925898
907131190,189410.046520525
909254140,104125.319574615
905101100,97527.2770532012
528376010,326864.785584767
902329030,178503.817208113
535304170,131714.008953211
907420050,179539.452401181
535380130,121724.848034501
528429060,248227.045770297
528240040,165037.568260128
909428110,166532.28114791
909275110,183858.466961284
534276010,120145.847253624
535425040,185355.100177734
902300215,136605.95292884
916460070,204442.80970593
528429100,320310.711081755
903206170,174696.01557108
907187040,226158.619882293
923227100,138479.174316274
903453080,196175.268059993
923225260,163401.301114488
533212130,147700.618709393
907180120,220584.925149869
902306130,134541.1831541
527254070,326292.341388067
904351040,81680.9011306632
528390210,212333.410571161
909428190,208559.995106995
528363130,317441.812345763
904351280,124577.011144548
907262030,211330.792965544
923400025,160236.096583484
907295020,217038.775707879
914452090,165846.335346215
535152010,123869.400820618
909251030,139205.443397008
908228040,126140.484322744
528102090,326042.251272136
905478030,140975.629736512
535402180,117268.020689607
923202220,158438.779807429
535126010,206712.899609673
528482130,235482.396775444
909280030,237082.505181702
906380050,217231.770837815
909252110,173490.158260808
906380190,187646.991497055
534175100,160211.495571142
532476080,265227.250133032
903476090,101709.476163361
535452140,106276.768547271
527455030,138034.174741897
531452260,169340.56260266
531380110,184462.103066719
527110120,177657.720481292
535383110,100607.388664449
908152180,140140.65535677
908186080,144112.468390081
902106010,155513.348121002
527182020,158130.988310295
535403030,132387.878148682
923201020,143722.677228616
902110120,123265.456222899
533215020,287676.401707084
906225210,160238.694426391
533208090,187189.606253842
534400050,166321.02908014
534276290,105746.396307758
528445020,221126.440190913
534403410,167970.67429218
533238045,287426.029542091
908276230,119112.792178529
908203100,99780.1975593348
531451280,214597.772439141
907180050,193503.684788724
534403050,145382.168725655
907410080,213509.314345429
527106010,225116.911428743
904302260,107965.312838831
528290190,169730.214956997
911370500,289091.398989612
528292060,239937.102566357
535457020,162988.868687263
907227060,135162.729280094
923275010,141418.647892187
528477020,240214.365904298
923204150,127622.763351196
528106120,256681.965474667
532479050,138506.117999638
905200100,128364.545789233
528176010,504536.436906107
906394050,183983.176757552
914478045,154560.280191866
902125080,112060.784567621
528102100,268072.554093296
527212030,466065.335442977
914452060,136228.020291974
902330040,158049.27287062
531453140,151311.281311832
907227030,130970.60598217
534250335,166681.159709554
534430090,121740.056232294
527108040,236544.773026441
909254070,179297.165445512
531363080,138521.044943122
903201080,178762.931773925
916382110,328034.586552409
534429030,98699.2032868212
903475100,124243.02106181
534426040,144082.785193749
902328040,135849.837668501
528174080,208276.956143984
902400110,319530.265788738
923226150,140180.220909874
909277090,150826.052932166
907250050,284419.789614846
527254020,349893.032989274
909276010,204319.429765074
535455060,119818.480655382
903226060,156475.874378183
535325460,196263.593150097
533252020,164707.689777035
902103170,93458.3808896179
905105040,108654.166310973
908128110,175201.38594586
907202080,140554.372484943
534127230,169116.71608267
905102060,134901.956184915
528482010,254791.342845675
534430110,143297.037761726
533352150,166369.572687574
916386140,211765.963798427
908188140,131962.075264415
531451030,190016.867955565
905200490,122084.082391301
535302200,127619.355501251
907414080,168695.32752918
533241010,201807.736673088
909256060,121604.642473979
527250040,136204.507314672
527165010,188580.583473935
902300020,153753.901146092
528222080,168488.240784212
907196020,235479.92647975
531371050,173095.670871779
534276160,129652.92953277
535150280,130842.767431093
528315070,262926.173578615
907412090,198401.42136383
909254050,189730.946055286
923229100,190317.921774789
528250030,215541.46534158
527353080,176180.557107467
908152110,155075.563823208
528429090,328123.757545697
533210060,165878.762010921
527225035,214758.283042004
